samples 16 1 sat 3.4654012 2998 0 7 67580 67580
samples 16 1 sat 3.6913846 3502 0 6 84106 84106
samples 16 1 sat 1.5062295 1502 0 3 29094 29094
samples 16 1 sat 2.294718 2001 0 4 44843 44843
samples 16 1 sat 0.8107792 505 0 2 11516 11516
samples 16 1 sat 2.7644713 2500 0 5 55688 55688
samples 16 1 sat 2.0865514 2001 0 4 46745 46745
samples 16 1 sat 7.573532 7493 0 11 185231 185231
samples 16 1 sat 1.7725297 1504 0 3 36956 36956
samples 16 1 sat 2.5682817 2500 0 5 52665 52665
samples 16 2 sat 5.372395 4985 0 21 109499 232736
samples 16 2 sat 6.600821 6480 0 26 155659 304801
samples 16 2 sat 1.5851027 1500 0 7 26201 55792
samples 16 2 sat 4.397063 3985 0 19 91192 187882
samples 16 2 sat 8.43501 7978 0 28 202439 369109
samples 16 2 sat 1.5656279 1500 0 9 29953 59127
samples 16 2 sat 1.460008 1000 0 7 26586 50106
samples 16 2 sat 2.8795846 2496 0 14 54169 109925
samples 16 2 sat 0.8267447 506 0 3 11609 22283
samples 16 2 sat 0.8056902 505 0 3 9695 20724
samples 16 4 sat 0.8885342 507 0 8 10080 42295
samples 16 4 sat 1.8438159 1495 0 49 27836 123241
samples 16 4 sat 2.1468983 1941 0 66 39558 159145
samples 16 4 sat 1.6888375 1480 0 61 28891 112899
samples 16 4 sat 0.57837933 506 0 5 5261 20959
samples 16 4 sat 0.77163714 508 0 7 7004 27756
samples 16 4 sat 1.5535994 1480 0 63 26531 103187
samples 16 4 sat 1.9745214 1476 0 60 30938 132680
samples 16 4 sat 2.639132 2451 2 54 53238 209222
samples 16 4 sat 1.2336907 999 0 37 18255 68747
samples 16 8 sat 1.0912187 945 1 64 10913 86772
samples 16 8 sat 3.0139196 2930 1 79 56433 424356
samples 16 8 sat 1.1200731 971 0 72 11382 88763
samples 16 8 sat 1.6024153 1443 1 65 25419 196463
samples 16 8 sat 1.0609429 958 1 51 11968 101209
samples 16 8 sat 1.3232783 933 0 74 17480 132148
samples 16 8 sat 0.7451926 507 0 33 6772 50742
samples 16 8 sat 1.318042 950 0 59 16173 134773
samples 16 8 sat 1.4592407 957 1 52 17292 144997
samples 16 8 sat 1.3483796 952 1 56 17066 142320
samples 16 16 sat 0.12451923 0 0 0 24 361
samples 16 16 sat 0.1330819 0 0 0 24 371
samples 16 16 sat 0.13077147 0 0 0 24 421
samples 16 16 sat 0.1406025 0 0 0 24 397
samples 16 16 sat 0.12587062 0 0 0 24 338
samples 16 16 sat 0.10311852 0 0 0 24 279
samples 16 16 sat 0.103685066 0 0 0 24 411
samples 16 16 sat 0.12683427 0 0 0 24 367
samples 16 16 sat 0.12044593 0 0 0 24 367
samples 16 16 sat 0.1210196 0 0 0 24 331
samples 16 32 sat 0.22329305 0 0 0 24 838
samples 16 32 sat 0.20016466 0 0 0 24 810
samples 16 32 sat 0.20664266 0 0 0 24 865
samples 16 32 sat 0.17222638 0 0 0 24 863
samples 16 32 sat 0.21958163 0 0 0 24 972
samples 16 32 sat 0.20419185 0 0 0 24 756
samples 16 32 sat 0.1862976 0 0 0 24 823
samples 16 32 sat 0.2036817 0 0 0 24 882
samples 16 32 sat 0.19802122 0 0 0 24 930
samples 16 32 sat 0.19861986 0 0 0 24 868
