samples 16 1 sat 39.734173 39430 1 75 684474 684474
samples 16 1 sat 16.604622 16487 0 20 286771 286771
samples 16 1 sat 10.468454 9994 0 11 176403 176403
samples 16 1 sat 20.479982 19982 0 23 349138 349138
samples 16 1 sat 7.0706677 6995 0 11 118747 118747
samples 16 1 sat 72.15381 71777 2 227 1270026 1270026
samples 16 1 sat 0.54470575 506 0 2 4108 4108
samples 16 1 sat 2.7305865 2502 0 4 38246 38246
samples 16 1 sat 53.7512 53387 1 118 944110 944110
samples 16 1 sat 8.1659975 7996 0 8 142008 142008
samples 16 2 sat 3.2531657 2993 0 15 46341 92528
samples 16 2 sat 1.5628144 1499 0 9 19678 39490
samples 16 2 sat 12.535335 12466 1 39 188313 391714
samples 16 2 sat 41.18819 40785 3 223 663282 1271368
samples 16 2 sat 6.137241 5983 1 22 102422 199125
samples 16 2 sat 25.384274 24913 7 87 429880 857435
samples 16 2 sat 4.87936 4470 1 36 70507 143579
samples 16 2 sat 16.410616 15957 3 46 235119 503817
samples 16 2 sat 5.1228437 4984 0 23 75845 149914
samples 16 2 sat 7.8384066 7476 0 30 122312 222940
samples 16 4 sat 3.021498 2933 1 76 43331 173297
samples 16 4 sat 7.5217886 7420 3 85 103724 431451
samples 16 4 sat 6.8868794 6382 2 123 104216 418366
samples 16 4 sat 22.529331 22325 6 178 369695 1440123
samples 16 4 sat 18.270952 17820 1 188 292942 1148657
samples 16 4 sat 6.8154683 6427 1 79 107235 423810
samples 16 4 sat 9.745368 9420 3 84 140704 598841
samples 16 4 sat 24.311419 23752 18 241 392607 1524828
samples 16 4 sat 5.794043 5440 3 63 92199 358592
samples 16 4 sat 6.5948486 6443 4 60 92654 392350
samples 16 8 sat 6.8991904 6434 3 74 92942 807999
samples 16 8 sat 13.964981 13323 4 183 206233 1622009
samples 16 8 sat 1.3227384 981 0 27 11988 94946
samples 16 8 sat 5.9727073 5431 2 81 82703 651928
samples 16 8 sat 4.2530646 3656 4 351 56184 410433
samples 16 8 sat 3.5980012 3459 1 49 48364 381084
samples 16 8 sat 3.7142925 3460 2 50 47578 387153
samples 16 8 sat 17.287672 16669 19 326 254018 2020751
samples 16 8 sat 3.0748236 2889 2 122 37861 294611
samples 16 8 sat 1.7789319 1464 1 43 20865 160657
samples 16 16 sat 4.8188744 4247 5 275 57493 900838
samples 16 16 sat 2.1761413 1831 2 185 15684 276591
samples 16 16 sat 3.839 3302 4 237 43048 653436
samples 16 16 sat 1.9141208 1372 1 139 18139 266880
samples 16 16 sat 3.2562718 2863 4 155 37259 590862
samples 16 16 sat 3.497017 2816 4 201 40807 645411
samples 16 16 sat 4.5579433 4292 5 225 55797 875335
samples 16 16 sat 4.9466944 4209 6 305 61045 946707
samples 16 16 sat 5.661337 5306 5 206 68194 1084587
samples 16 16 sat 7.642215 7260 10 262 82193 1367159
samples 16 32 sat 2.3772933 1819 4 232 17940 608290
samples 16 32 sat 0.9779772 514 1 252 2695 80144
samples 16 32 sat 1.3031405 783 1 235 4633 144789
samples 16 32 sat 2.858258 2200 3 329 19770 679508
samples 16 32 sat 1.0676674 808 3 210 2807 80674
samples 16 32 sat 1.1509731 865 2 153 4660 129768
samples 16 32 sat 1.1619903 804 2 210 4363 120279
samples 16 32 sat 2.216991 1709 5 343 12521 473130
samples 16 32 sat 1.9343654 1262 2 266 12895 432360
samples 16 32 sat 3.4287822 2733 9 310 33072 999245
