samples Langford-4-16 1 unsat 147.11401 141188 2 5839 1593545 1593545
samples Langford-4-16 1 unsat 147.35211 141380 3 5638 1566610 1566610
samples Langford-4-16 1 unsat 148.61552 142072 3 6435 1550013 1550013
samples Langford-4-16 1 unsat 154.09009 147687 3 6348 1640034 1640034
samples Langford-4-16 1 unsat 148.21043 141967 2 6055 1591579 1591579
samples Langford-4-16 1 unsat 147.83952 141705 3 5817 1582580 1582580
samples Langford-4-16 1 unsat 148.28024 142265 2 5753 1590439 1590439
samples Langford-4-16 1 unsat 142.49448 136925 2 5445 1545641 1545641
samples Langford-4-16 1 unsat 149.2882 142909 3 6327 1572959 1572959
samples Langford-4-16 1 unsat 143.69856 138192 3 5441 1542977 1542977
samples Langford-4-16 2 timeout 100.07963 83059 7059 9932 754336 1508765
samples Langford-4-16 2 timeout 117.71561 94602 9774 13311 797889 1595718
samples Langford-4-16 2 timeout 105.15565 89784 4614 10654 771583 1543065
samples Langford-4-16 2 timeout 109.87583 93028 5205 11645 818753 1637493
samples Langford-4-16 2 timeout 106.687294 87758 7384 11494 783065 1566063
samples Langford-4-16 2 timeout 91.796074 79702 3067 8927 791412 1582758
samples Langford-4-16 2 timeout 109.88682 92488 4989 12210 820021 1639813
samples Langford-4-16 2 timeout 105.72345 87827 6743 11114 786896 1573869
samples Langford-4-16 2 timeout 111.57887 90800 8183 12562 810909 1621906
samples Langford-4-16 2 timeout 107.158035 88086 7380 11562 792987 1585923
samples Langford-4-16 4 timeout 78.36965 53512 8230 16355 397328 1588839
samples Langford-4-16 4 timeout 77.66734 53880 7058 16704 407963 1630707
samples Langford-4-16 4 timeout 73.15126 53974 4770 14408 419320 1677505
samples Langford-4-16 4 timeout 72.48035 50132 6878 15099 404857 1616804
samples Langford-4-16 4 timeout 71.875786 50233 6262 15163 390797 1563038
samples Langford-4-16 4 timeout 75.35055 52764 6672 15595 404135 1615349
samples Langford-4-16 4 timeout 71.35245 51036 5393 14720 404230 1614711
samples Langford-4-16 4 timeout 70.16576 49837 6025 14263 405314 1620791
samples Langford-4-16 4 timeout 71.76998 51192 6178 14266 417039 1669054
samples Langford-4-16 4 timeout 72.20981 50863 7388 13959 399498 1597194
samples Langford-4-16 8 timeout 53.120758 31887 4139 17097 212377 1693957
samples Langford-4-16 8 timeout 55.78098 32981 4270 18531 210343 1684683
samples Langford-4-16 8 timeout 50.2024 30859 3855 15491 207520 1662069
samples Langford-4-16 8 timeout 53.188877 30783 5573 16837 208828 1677918
samples Langford-4-16 8 timeout 52.291138 30761 4344 17188 202880 1625832
samples Langford-4-16 8 timeout 53.260666 31882 4200 17181 210705 1686749
samples Langford-4-16 8 timeout 52.200436 31675 3922 16587 208861 1679486
samples Langford-4-16 8 timeout 51.745583 30218 4928 16593 208271 1661957
samples Langford-4-16 8 timeout 55.98252 32075 4838 18749 207758 1657475
samples Langford-4-16 8 timeout 55.244747 32964 3800 18483 208299 1661429
samples Langford-4-16 16 timeout 46.443768 19828 2941 23676 106419 1703033
samples Langford-4-16 16 timeout 44.079453 18765 3722 21585 103579 1657345
samples Langford-4-16 16 timeout 47.312283 18910 4192 24212 105569 1689270
samples Langford-4-16 16 timeout 49.368076 19299 4271 25800 104584 1673759
samples Langford-4-16 16 timeout 45.424812 19078 3530 22819 106556 1703515
samples Langford-4-16 16 timeout 46.33127 19586 3053 23668 105576 1688786
samples Langford-4-16 16 timeout 47.30141 19492 3878 23912 103270 1651210
samples Langford-4-16 16 timeout 48.248165 18633 4573 25028 105165 1682347
samples Langford-4-16 16 timeout 46.84989 19267 3724 23837 105200 1682951
samples Langford-4-16 16 timeout 45.706062 19252 3383 23071 103631 1657622
samples Langford-4-16 32 timeout 58.768944 11828 4576 42364 56456 1806568
samples Langford-4-16 32 timeout 43.796837 10784 3655 29305 52986 1694303
samples Langford-4-16 32 timeout 44.09961 11853 3850 28399 56368 1803177
samples Langford-4-16 32 timeout 55.090508 11909 4764 38419 56146 1794231
samples Langford-4-16 32 timeout 42.965496 11440 3246 28283 55630 1773849
samples Langford-4-16 32 timeout 49.224594 11983 4165 33079 56882 1820221
samples Langford-4-16 32 timeout 47.430603 11456 3353 32533 54545 1735509
samples Langford-4-16 32 timeout 43.57256 11565 3656 28344 55816 1797038
samples Langford-4-16 32 timeout 48.654358 11387 3519 33690 54142 1754350
samples Langford-4-16 32 timeout 49.39205 12014 4192 33151 55675 1790901
