samples Langford-4-16 1 unsat 68.25602 66534 2 1489 730790 730790
samples Langford-4-16 1 unsat 67.975624 66587 2 1379 758343 758343
samples Langford-4-16 1 unsat 65.71655 64676 2 956 748175 748175
samples Langford-4-16 1 unsat 66.52502 65081 2 1436 766036 766036
samples Langford-4-16 1 unsat 70.354385 68864 2 1473 764430 764430
samples Langford-4-16 1 unsat 69.93769 68213 2 1700 784626 784626
samples Langford-4-16 1 unsat 65.95107 64727 2 1212 746818 746818
samples Langford-4-16 1 unsat 63.919106 62208 2 1312 727789 727789
samples Langford-4-16 1 unsat 68.20178 66771 2 1414 763453 763453
samples Langford-4-16 1 unsat 64.6633 63140 2 1394 731220 731220
samples Langford-4-16 2 timeout 41.803875 37563 2262 1972 379408 758794
samples Langford-4-16 2 timeout 45.179775 40387 2329 2302 393356 786740
samples Langford-4-16 2 timeout 41.910595 37820 1874 2215 385323 770689
samples Langford-4-16 2 timeout 49.25027 42874 3295 2867 404160 808573
samples Langford-4-16 2 timeout 46.636017 40915 3341 2273 397466 794201
samples Langford-4-16 2 timeout 42.488075 38320 1992 2034 382694 765195
samples Langford-4-16 2 timeout 48.84789 43132 2694 2708 411503 821484
samples Langford-4-16 2 timeout 41.925327 37352 2143 2023 400272 800491
samples Langford-4-16 2 timeout 44.4703 38864 3175 2362 385019 769970
samples Langford-4-16 2 timeout 50.89737 45447 2386 2976 387079 774007
samples Langford-4-16 4 timeout 30.663633 24868 2892 2821 214108 857120
samples Langford-4-16 4 timeout 34.113155 27983 2703 3386 218183 868740
samples Langford-4-16 4 timeout 32.16777 25674 3296 3091 209584 826524
samples Langford-4-16 4 timeout 30.190994 25005 2315 2713 216436 870046
samples Langford-4-16 4 timeout 29.192173 23518 2771 2794 212281 847734
samples Langford-4-16 4 timeout 32.199524 25981 3059 2996 215214 866917
samples Langford-4-16 4 timeout 30.470064 25228 2209 2603 219726 877729
samples Langford-4-16 4 timeout 35.573223 28073 3695 3806 221054 883520
samples Langford-4-16 4 timeout 32.1956 25399 3553 3122 202162 809959
samples Langford-4-16 4 timeout 32.31498 25587 3445 3022 222467 890291
samples Langford-4-16 8 timeout 25.4132 16980 3198 5231 121578 972389
samples Langford-4-16 8 timeout 24.170597 15882 3104 5106 118042 943588
samples Langford-4-16 8 timeout 23.42216 16825 1889 4637 114917 919224
samples Langford-4-16 8 timeout 25.621162 17539 2372 5675 119247 953880
samples Langford-4-16 8 timeout 24.325123 16226 2902 5161 116760 933302
samples Langford-4-16 8 timeout 23.059977 16164 2228 4671 114994 919987
samples Langford-4-16 8 timeout 23.334896 16404 2324 4591 114592 916587
samples Langford-4-16 8 timeout 23.84006 16117 2626 5092 113027 904258
samples Langford-4-16 8 timeout 25.069557 17389 2403 5260 116627 932861
samples Langford-4-16 8 timeout 23.860182 16729 2374 4742 113586 908630
samples Langford-4-16 16 timeout 19.207174 10594 1578 7037 62332 997307
samples Langford-4-16 16 timeout 21.24012 10404 2152 8652 62551 1000280
samples Langford-4-16 16 timeout 20.452557 10318 2298 7804 64554 1032542
samples Langford-4-16 16 timeout 22.233253 11798 2029 8401 66388 1062450
samples Langford-4-16 16 timeout 20.26371 10722 1996 7549 62333 997135
samples Langford-4-16 16 timeout 21.570396 11255 1845 8448 64464 1031292
samples Langford-4-16 16 timeout 21.467812 10729 2312 8396 64562 1032315
samples Langford-4-16 16 timeout 20.25471 10604 2151 7475 62982 1007560
samples Langford-4-16 16 timeout 21.771385 11026 2064 8451 68225 1085333
samples Langford-4-16 16 timeout 20.60363 10522 2157 7928 62846 1005468
samples Langford-4-16 32 timeout 19.924864 6891 2026 10880 34699 1105793
samples Langford-4-16 32 timeout 22.05381 7262 2181 12612 34723 1112547
samples Langford-4-16 32 timeout 24.33305 7569 2476 14245 36462 1152653
samples Langford-4-16 32 timeout 19.980022 7623 1850 10473 37503 1199304
samples Langford-4-16 32 timeout 21.892435 7932 2013 11949 37123 1170198
samples Langford-4-16 32 timeout 22.86124 7919 2187 12755 36642 1195622
samples Langford-4-16 32 timeout 18.818771 7133 2132 9547 37049 1207145
samples Langford-4-16 32 timeout 18.344065 7179 1760 9407 36564 1161117
samples Langford-4-16 32 timeout 21.90743 7444 1981 12484 36522 1160390
samples Langford-4-16 32 timeout 20.811514 7427 1842 11546 37132 1182444
