samples small_bibd_06_50_25 1 timeout 500.0005 480927 5 18619 33321414 33321414 11
samples small_bibd_06_50_25 1 timeout 500.0286 480733 5 19294 33244409 33244409 11
samples small_bibd_06_50_25 1 timeout 500.02682 481110 5 18915 33415247 33415247 11
samples small_bibd_06_50_25 1 timeout 500.04416 480971 6 19070 34108494 34108494 11
samples small_bibd_06_50_25 1 timeout 500.0645 478594 6 21468 33903025 33903025 11
samples small_bibd_06_50_25 1 timeout 500.0328 481228 6 18801 33520032 33520032 11
samples small_bibd_06_50_25 1 timeout 500.02655 480976 6 19048 33018808 33018808 11
samples small_bibd_06_50_25 1 timeout 500.0283 476573 5 23453 32827473 32827473 11
samples small_bibd_06_50_25 1 timeout 500.0642 478591 5 21470 32742930 32742930 11
samples small_bibd_06_50_25 1 timeout 500.00058 479849 6 19674 33824542 33824542 11
samples small_bibd_06_50_25 2 timeout 500.21246 412942 21 87252 24261548 48976599 11
samples small_bibd_06_50_25 2 timeout 500.17 409337 302 90535 25035978 49292732 11
samples small_bibd_06_50_25 2 timeout 500.15048 425566 37 74551 24161625 45615499 11
samples small_bibd_06_50_25 2 timeout 500.15182 408740 53 91361 24604030 49541641 11
samples small_bibd_06_50_25 2 timeout 500.153 413060 316 86780 24651754 49006338 11
samples small_bibd_06_50_25 2 timeout 500.13004 409639 230 90263 25112351 50438165 11
samples small_bibd_06_50_25 2 timeout 500.16162 414246 257 85661 24955389 49869887 11
samples small_bibd_06_50_25 2 timeout 500.06906 414515 15 85544 24409622 49001357 11
samples small_bibd_06_50_25 2 timeout 500.2105 405449 45 94720 24160627 48038547 11
samples small_bibd_06_50_25 2 timeout 500.17252 409044 40 91094 25051958 49780013 11
samples small_bibd_06_50_25 4 timeout 500.3187 330202 121 170000 17911019 70818267 11
samples small_bibd_06_50_25 4 timeout 500.19174 327774 71 172351 17891393 72113933 11
samples small_bibd_06_50_25 4 timeout 500.14008 331671 140 168336 18000047 71713311 11
samples small_bibd_06_50_25 4 timeout 500.16592 329956 63 170153 17143715 69889249 11
samples small_bibd_06_50_25 4 timeout 500.2081 324135 123 175956 16802136 68399850 11
samples small_bibd_06_50_25 4 timeout 500.21094 333365 158 166693 17578811 69043518 11
samples small_bibd_06_50_25 4 timeout 500.19342 330401 68 169729 18030576 70502582 11
samples small_bibd_06_50_25 4 timeout 500.37576 328804 78 171497 17594479 71169788 11
samples small_bibd_06_50_25 4 timeout 500.21143 326304 96 173819 17228601 69606707 11
samples small_bibd_06_50_25 4 timeout 500.29355 324565 117 175617 17919307 70273877 11
samples small_bibd_06_50_25 8 sat 500.1035 220792 440 278877 9007581 73179181 11
samples small_bibd_06_50_25 8 timeout 500.44476 213899 318 286233 10357365 83196789 11
samples small_bibd_06_50_25 8 timeout 500.53653 213302 801 286444 10389135 81810816 11
samples small_bibd_06_50_25 8 sat 275.4113 161380 217 113701 8366028 66921430 11
samples small_bibd_06_50_25 8 timeout 500.50983 214717 426 285378 10286045 82028183 11
samples small_bibd_06_50_25 8 sat 500.11438 210754 317 289050 10245491 81828808 11
samples small_bibd_06_50_25 8 timeout 500.5014 215036 500 284970 10260035 81307700 11
samples small_bibd_06_50_25 8 sat 500.00638 215008 430 284575 10070970 81845158 11
samples small_bibd_06_50_25 8 sat 500.0225 210886 397 288748 10064615 80751794 11
samples small_bibd_06_50_25 8 sat 500.00058 216291 541 283117 10110766 75853558 11
samples small_bibd_06_50_25 16 timeout 500.00345 118931 789 380298 4884033 77775901 11
samples small_bibd_06_50_25 16 sat 500.2915 118005 1517 380777 4332554 75387673 11
samples small_bibd_06_50_25 16 timeout 500.79852 117162 1382 382264 4759487 76784382 11
samples small_bibd_06_50_25 16 timeout 501.0679 120052 964 380060 4947252 78512977 11
samples small_bibd_06_50_25 16 sat 500.37527 117078 1137 382172 4850256 77653417 11
samples small_bibd_06_50_25 16 sat 500.3468 121590 1446 377323 4292626 73710162 11
samples small_bibd_06_50_25 16 sat 500.0512 118101 1336 380624 4771151 78365873 11
samples small_bibd_06_50_25 16 sat 207.93083 71553 621 135484 3156113 52440671 11
samples small_bibd_06_50_25 16 timeout 500.98376 115259 2118 383617 4539093 74459123 11
samples small_bibd_06_50_25 16 sat 500.23773 118857 1946 379443 4728013 77329810 11
samples small_bibd_06_50_25 32 timeout 500.11484 53231 1782 445117 1836101 60077160 11
samples small_bibd_06_50_25 32 timeout 500.06403 54871 1704 443504 1916710 61678715 11
samples small_bibd_06_50_25 32 timeout 500.1596 55919 1937 442326 1963407 61822473 11
samples small_bibd_06_50_25 32 sat 500.22574 51734 3270 445235 1832398 60334100 11
samples small_bibd_06_50_25 32 sat 500.0009 52455 2994 444485 1877061 60788490 11
samples small_bibd_06_50_25 32 sat 500.89404 53684 3001 444221 1894894 61787243 11
samples small_bibd_06_50_25 32 sat 500.8647 54726 2169 443979 1978514 63199023 11
samples small_bibd_06_50_25 32 sat 500.30475 55204 2614 442501 2007662 63595438 11
samples small_bibd_06_50_25 32 sat 500.57938 53603 1870 445128 1916387 59894764 11
samples small_bibd_06_50_25 32 sat 500.3352 56357 1610 442380 2051423 64622179 11
