samples small_bibd_06_50_25 1 sat 135.11076 133879 2 1133 9861922 9861922 11
samples small_bibd_06_50_25 1 sat 144.63683 143101 2 1406 10337147 10337147 11
samples small_bibd_06_50_25 1 sat 115.62036 114573 2 934 8398561 8398561 11
samples small_bibd_06_50_25 1 sat 237.71347 233650 3 3862 16894771 16894771 11
samples small_bibd_06_50_25 1 sat 221.197 218250 3 2803 15841177 15841177 11
samples small_bibd_06_50_25 1 sat 151.15036 149346 3 1690 10868263 10868263 11
samples small_bibd_06_50_25 1 sat 82.13249 81256 2 753 5779286 5779286 11
samples small_bibd_06_50_25 1 sat 160.63544 158595 3 1912 11472784 11472784 11
samples small_bibd_06_50_25 1 sat 60.61936 60084 1 421 4327878 4327878 11
samples small_bibd_06_50_25 1 sat 69.68111 68935 2 573 4982254 4982254 11
samples small_bibd_06_50_25 2 sat 76.17468 74301 6 1705 5010086 10009488 11
samples small_bibd_06_50_25 2 sat 118.83806 115171 9 3339 7671689 15295191 11
samples small_bibd_06_50_25 2 sat 74.8246 72786 7 1727 4714748 9451650 11
samples small_bibd_06_50_25 2 sat 35.33055 34393 5 623 2158476 4051644 11
samples small_bibd_06_50_25 2 sat 60.723232 59246 19 1259 3729771 7548669 11
samples small_bibd_06_50_25 2 sat 53.210266 51866 15 1154 3463396 6745270 11
samples small_bibd_06_50_25 2 sat 55.21814 54079 5 927 3522301 6905369 11
samples small_bibd_06_50_25 2 sat 62.70719 61339 5 1202 3931908 7746723 11
samples small_bibd_06_50_25 2 sat 54.602062 53553 5 962 3558516 7152129 11
samples small_bibd_06_50_25 2 sat 94.723785 92339 7 2167 6441661 12670089 11
samples small_bibd_06_50_25 4 sat 24.77973 23990 2 523 1537667 6078381 11
samples small_bibd_06_50_25 4 sat 17.709715 17062 9 443 1020555 4267371 11
samples small_bibd_06_50_25 4 sat 15.222588 14664 2 346 890622 3672349 11
samples small_bibd_06_50_25 4 sat 25.155817 24309 10 705 1474316 6323797 11
samples small_bibd_06_50_25 4 sat 56.22247 53558 19 2444 3635954 14278013 11
samples small_bibd_06_50_25 4 sat 14.732894 14157 1 360 938134 3696451 11
samples small_bibd_06_50_25 4 sat 70.39854 67191 21 2810 4453932 17827342 11
samples small_bibd_06_50_25 4 sat 23.224771 22437 14 564 1473530 6103671 11
samples small_bibd_06_50_25 4 sat 46.73399 44976 9 1545 2956551 11236023 11
samples small_bibd_06_50_25 4 sat 29.795307 28718 8 802 1908206 7209264 11
samples small_bibd_06_50_25 8 sat 38.047813 35671 13 2358 2294849 17349191 11
samples small_bibd_06_50_25 8 sat 28.487442 26460 12 1579 1557463 12843100 11
samples small_bibd_06_50_25 8 sat 14.763621 13855 13 660 875606 6796886 11
samples small_bibd_06_50_25 8 sat 39.322147 36282 10 2792 2289082 18204660 11
samples small_bibd_06_50_25 8 sat 14.335139 13272 5 754 818018 6403709 11
samples small_bibd_06_50_25 8 sat 12.263764 11431 3 587 679901 5570131 11
samples small_bibd_06_50_25 8 sat 16.302008 15300 22 727 943961 7361435 11
samples small_bibd_06_50_25 8 sat 41.174892 38461 39 2563 2162423 16858940 11
samples small_bibd_06_50_25 8 sat 15.674415 14840 8 713 905088 7025805 11
samples small_bibd_06_50_25 8 sat 29.463688 27425 10 1609 1629398 13094820 11
samples small_bibd_06_50_25 16 sat 12.977906 11073 16 1469 614451 9561554 11
samples small_bibd_06_50_25 16 sat 7.3524566 6363 11 687 388619 5715034 11
samples small_bibd_06_50_25 16 sat 11.420734 10069 0 967 605989 9316775 11
samples small_bibd_06_50_25 16 sat 18.78771 16817 29 1709 914317 15067584 11
samples small_bibd_06_50_25 16 sat 15.443631 13747 33 1267 785352 12635565 11
samples small_bibd_06_50_25 16 sat 13.63358 12175 40 1354 680895 10782509 11
samples small_bibd_06_50_25 16 sat 12.479577 10872 12 1185 603906 9781635 11
samples small_bibd_06_50_25 16 sat 6.8185797 5919 15 631 316848 5048160 11
samples small_bibd_06_50_25 16 sat 16.197683 14460 26 1614 780626 12640092 11
samples small_bibd_06_50_25 16 sat 27.471188 23732 22 3306 1206010 19256143 11
samples small_bibd_06_50_25 32 sat 8.748116 6410 24 2148 297854 8817345 11
samples small_bibd_06_50_25 32 sat 8.4597645 5827 19 2259 313722 9510705 11
samples small_bibd_06_50_25 32 sat 10.93484 8225 69 2311 389026 11966499 11
samples small_bibd_06_50_25 32 sat 16.215082 12261 130 3724 546059 17341382 11
samples small_bibd_06_50_25 32 sat 6.4300866 4275 17 1884 187458 6189127 11
samples small_bibd_06_50_25 32 sat 14.18739 10604 142 3359 479567 15345471 11
samples small_bibd_06_50_25 32 sat 11.679359 8691 30 2891 387681 11978191 11
samples small_bibd_06_50_25 32 sat 11.918572 8402 43 3162 382990 12558187 11
samples small_bibd_06_50_25 32 sat 6.8246794 5270 17 1328 241310 8036054 11
samples small_bibd_06_50_25 32 sat 13.80173 10321 49 3228 472615 14652909 11
