samples sb_13_13_5_1 1 sat 178.20871 177745 2 268 545533 545533
samples sb_13_13_5_1 1 sat 187.12001 186725 2 289 650811 650811
samples sb_13_13_5_1 1 sat 166.64418 166272 2 240 515095 515095
samples sb_13_13_5_1 1 sat 178.12617 177739 2 274 547040 547040
samples sb_13_13_5_1 1 sat 158.28342 157792 1 223 505587 505587
samples sb_13_13_5_1 1 sat 169.76227 169260 2 253 507047 507047
samples sb_13_13_5_1 1 sat 86.43814 85934 2 80 236890 236890
samples sb_13_13_5_1 1 sat 200.94429 200224 2 290 653194 653194
samples sb_13_13_5_1 1 sat 170.224 169764 2 247 548750 548750
samples sb_13_13_5_1 1 sat 110.34661 109900 2 115 338013 338013
samples sb_13_13_5_1 2 sat 119.25 118573 13 435 378314 768643
samples sb_13_13_5_1 2 sat 83.392365 82745 54 222 255759 502995
samples sb_13_13_5_1 2 sat 88.482864 87744 25 253 277495 551126
samples sb_13_13_5_1 2 sat 86.78811 86272 29 225 268070 534686
samples sb_13_13_5_1 2 sat 67.58475 67326 4 203 185941 382926
samples sb_13_13_5_1 2 sat 79.676125 79305 3 219 240335 485211
samples sb_13_13_5_1 2 sat 108.14432 107708 3 324 357904 699592
samples sb_13_13_5_1 2 sat 37.439915 36870 90 62 97371 201122
samples sb_13_13_5_1 2 sat 83.21899 82787 7 238 250737 500728
samples sb_13_13_5_1 2 sat 69.22336 68836 18 174 210717 418731
samples sb_13_13_5_1 4 sat 31.10864 30819 12 212 108315 433322
samples sb_13_13_5_1 4 sat 48.663563 48094 64 372 164628 683598
samples sb_13_13_5_1 4 sat 30.173485 29845 16 177 103297 406293
samples sb_13_13_5_1 4 sat 23.96643 23384 9 143 87752 356346
samples sb_13_13_5_1 4 sat 35.787777 35308 25 201 124485 498612
samples sb_13_13_5_1 4 sat 45.77979 45222 69 257 141633 519546
samples sb_13_13_5_1 4 sat 39.12826 38821 13 201 135922 544624
samples sb_13_13_5_1 4 sat 51.149517 50324 373 344 173818 714925
samples sb_13_13_5_1 4 sat 44.947975 44258 30 257 109434 559212
samples sb_13_13_5_1 4 sat 55.84145 55091 98 355 185623 726033
samples sb_13_13_5_1 8 sat 3.2481208 2920 13 120 6810 60713
samples sb_13_13_5_1 8 sat 27.300716 26341 171 563 85052 696760
samples sb_13_13_5_1 8 sat 2.2274988 1825 17 212 4734 33342
samples sb_13_13_5_1 8 sat 27.871027 26057 839 659 88146 692298
samples sb_13_13_5_1 8 sat 22.870152 22129 18 408 75231 587170
samples sb_13_13_5_1 8 sat 18.795883 18278 15 305 59400 469377
samples sb_13_13_5_1 8 sat 21.470247 19978 664 406 62181 523709
samples sb_13_13_5_1 8 sat 15.046137 14335 323 396 44216 358687
samples sb_13_13_5_1 8 sat 6.6257534 6260 9 286 18513 136366
samples sb_13_13_5_1 8 sat 19.023123 18768 21 286 60400 467983
samples sb_13_13_5_1 16 sat 9.987915 8918 32 686 28033 435047
samples sb_13_13_5_1 16 sat 6.7611156 6048 8 548 17545 274421
samples sb_13_13_5_1 16 sat 14.5418625 13861 120 653 42217 665494
samples sb_13_13_5_1 16 sat 13.906967 12910 53 652 40541 651250
samples sb_13_13_5_1 16 sat 16.750702 14862 813 936 41631 655294
samples sb_13_13_5_1 16 sat 15.849164 14768 25 822 42135 648427
samples sb_13_13_5_1 16 sat 6.288942 5623 107 399 17368 269953
samples sb_13_13_5_1 16 sat 9.3305435 8351 13 722 25989 398405
samples sb_13_13_5_1 16 sat 14.575083 13852 188 566 42431 657403
samples sb_13_13_5_1 16 sat 20.843029 19190 519 958 64251 930226
samples sb_13_13_5_1 32 sat 12.22564 10661 323 1222 22515 790391
samples sb_13_13_5_1 32 sat 11.584259 10551 60 1077 24387 791622
samples sb_13_13_5_1 32 sat 8.689622 7446 178 1073 13426 382452
samples sb_13_13_5_1 32 sat 15.930114 11540 2620 1574 27341 935936
samples sb_13_13_5_1 32 sat 3.6042795 2998 127 593 4511 166410
samples sb_13_13_5_1 32 sat 9.820237 8594 109 943 20114 634482
samples sb_13_13_5_1 32 sat 9.790067 8661 92 955 20242 647332
samples sb_13_13_5_1 32 sat 10.378541 9122 72 976 22690 697291
samples sb_13_13_5_1 32 sat 8.19174 7399 27 716 18793 532321
samples sb_13_13_5_1 32 sat 13.405541 11901 55 1191 28727 915070
