samples sb_13_13_5_1 1 sat 206.80962 206251 2 262 668146 668146
samples sb_13_13_5_1 1 sat 216.38791 215752 2 262 693235 693235
samples sb_13_13_5_1 1 sat 220.59981 220239 2 273 724321 724321
samples sb_13_13_5_1 1 sat 217.96796 217232 2 280 708901 708901
samples sb_13_13_5_1 1 sat 235.11035 234739 2 275 769010 769010
samples sb_13_13_5_1 1 sat 192.47128 191786 2 229 622382 622382
samples sb_13_13_5_1 1 sat 216.80725 216237 2 276 703333 703333
samples sb_13_13_5_1 1 sat 210.9586 210239 2 276 685083 685083
samples sb_13_13_5_1 1 sat 220.20747 219748 2 280 718451 718451
samples sb_13_13_5_1 1 sat 197.31206 196784 2 229 640689 640689
samples sb_13_13_5_1 2 sat 100.77393 100325 17 186 329544 645750
samples sb_13_13_5_1 2 sat 116.42099 115771 11 246 398292 792485
samples sb_13_13_5_1 2 sat 129.12314 128692 18 313 434130 879501
samples sb_13_13_5_1 2 sat 117.91247 117207 45 276 387793 764946
samples sb_13_13_5_1 2 sat 124.24718 123637 115 283 413326 818473
samples sb_13_13_5_1 2 sat 107.90909 107292 27 204 363746 695161
samples sb_13_13_5_1 2 sat 115.86003 115276 34 221 373058 752500
samples sb_13_13_5_1 2 sat 114.80629 114165 157 196 373812 764675
samples sb_13_13_5_1 2 sat 122.75834 122092 173 272 414064 837798
samples sb_13_13_5_1 2 sat 121.46387 120630 128 271 411857 817120
samples sb_13_13_5_1 4 sat 52.317085 51681 158 199 175679 733727
samples sb_13_13_5_1 4 sat 50.8187 50238 72 217 188412 736096
samples sb_13_13_5_1 4 sat 70.316826 69708 24 306 253503 1011287
samples sb_13_13_5_1 4 sat 64.31832 63623 132 286 242857 959301
samples sb_13_13_5_1 4 sat 62.815414 62211 19 311 225104 889737
samples sb_13_13_5_1 4 sat 67.3067 66684 45 310 242828 993936
samples sb_13_13_5_1 4 sat 73.98756 73056 10 468 282727 1127577
samples sb_13_13_5_1 4 sat 70.82603 69601 606 335 240303 959709
samples sb_13_13_5_1 4 sat 65.95934 64900 369 272 239707 945203
samples sb_13_13_5_1 4 sat 73.70202 72661 528 352 259301 988307
samples sb_13_13_5_1 8 sat 46.719795 46155 38 387 159902 1228730
samples sb_13_13_5_1 8 sat 58.723694 57812 138 626 195270 1549865
samples sb_13_13_5_1 8 sat 50.751698 49973 34 554 161439 1304837
samples sb_13_13_5_1 8 sat 46.844177 46199 40 352 162619 1279479
samples sb_13_13_5_1 8 sat 55.247536 54405 51 611 183323 1465819
samples sb_13_13_5_1 8 sat 52.33122 51510 66 494 169161 1355459
samples sb_13_13_5_1 8 sat 53.327198 52523 47 492 179424 1388550
samples sb_13_13_5_1 8 sat 51.609436 50727 235 594 176558 1387710
samples sb_13_13_5_1 8 sat 51.405575 50438 87 585 167411 1296391
samples sb_13_13_5_1 8 sat 50.131153 49527 27 529 163436 1318786
samples sb_13_13_5_1 16 sat 40.48286 39060 86 948 130272 1910298
samples sb_13_13_5_1 16 sat 36.109383 35436 40 621 111917 1847859
samples sb_13_13_5_1 16 sat 39.201256 37947 370 783 118847 1948410
samples sb_13_13_5_1 16 sat 39.49212 38277 126 713 124138 1986498
samples sb_13_13_5_1 16 sat 34.840622 33860 139 597 98985 1512979
samples sb_13_13_5_1 16 sat 38.830074 36473 1240 924 124023 1902095
samples sb_13_13_5_1 16 sat 35.36547 34195 101 781 108212 1704233
samples sb_13_13_5_1 16 sat 38.99117 35347 2377 902 107246 1877588
samples sb_13_13_5_1 16 sat 39.63991 34221 4435 984 93867 1758875
samples sb_13_13_5_1 16 sat 37.75965 35853 920 853 114440 1814640
samples sb_13_13_5_1 32 sat 32.47628 30673 153 1346 73856 2406287
samples sb_13_13_5_1 32 sat 35.7792 33555 866 1281 75168 2404479
samples sb_13_13_5_1 32 sat 33.95701 32191 5 1506 85270 2477503
samples sb_13_13_5_1 32 sat 34.48143 31507 982 1671 81013 2631092
samples sb_13_13_5_1 32 sat 30.279814 28724 310 1116 75973 2413294
samples sb_13_13_5_1 32 sat 31.9889 29709 742 1214 76876 2401303
samples sb_13_13_5_1 32 sat 34.167336 32387 305 1480 84384 2564088
samples sb_13_13_5_1 32 sat 33.951347 31972 281 1433 82476 2629572
samples sb_13_13_5_1 32 sat 28.952248 27458 94 1101 71229 2233472
samples sb_13_13_5_1 32 sat 34.17821 32716 124 1327 80538 2661079
