samples exp1-1-5670 1 sat 212.26285 210362 2 1645 1312337 1312337 2
samples exp1-1-5670 1 sat 202.34636 200515 3 1492 1268751 1268751 2
samples exp1-1-5670 1 sat 200.79727 198904 3 1604 1225798 1225798 2
samples exp1-1-5670 1 sat 236.125 233709 3 2300 1474979 1474979 2
samples exp1-1-5670 1 sat 200.07182 198287 3 1721 1204392 1204392 2
samples exp1-1-5670 1 sat 191.35104 189599 2 1409 1164774 1164774 2
samples exp1-1-5670 1 sat 225.07536 222839 3 2168 1378006 1378006 2
samples exp1-1-5670 1 sat 211.112 209511 3 1496 1293525 1293525 2
samples exp1-1-5670 1 sat 224.59344 222439 3 2069 1413276 1413276 2
samples exp1-1-5670 1 sat 211.67159 209841 3 1667 1334371 1334371 2
samples exp1-1-5670 2 sat 106.00465 103329 69 2621 605960 1217848 2
samples exp1-1-5670 2 sat 126.508354 123661 19 2843 713841 1457367 2
samples exp1-1-5670 2 sat 124.38916 121966 34 2019 704615 1444607 3
samples exp1-1-5670 2 sat 129.20073 126446 71 2503 704107 1464698 2
samples exp1-1-5670 2 sat 112.044586 109653 44 2321 669271 1341325 2
samples exp1-1-5670 2 sat 110.91329 108655 15 1844 660150 1319107 2
samples exp1-1-5670 2 sat 127.00455 124462 18 2538 712285 1455142 2
samples exp1-1-5670 2 sat 140.14838 136730 81 3205 768119 1574465 2
samples exp1-1-5670 2 sat 138.84317 135284 9 3223 775068 1564417 2
samples exp1-1-5670 2 sat 109.82722 107250 178 2089 609567 1240071 2
samples exp1-1-5670 4 sat 70.007286 67221 15 2795 397089 1603796 2
samples exp1-1-5670 4 sat 63.65294 60823 39 2669 372265 1408896 2
samples exp1-1-5670 4 sat 67.79118 64324 17 3176 377174 1559679 2
samples exp1-1-5670 4 sat 60.901676 57640 78 2806 336938 1369360 2
samples exp1-1-5670 4 sat 57.015163 54751 75 2214 320875 1304697 2
samples exp1-1-5670 4 sat 59.007507 56385 20 2626 327847 1315780 2
samples exp1-1-5670 4 sat 55.56573 53362 84 2085 334474 1301904 2
samples exp1-1-5670 4 sat 50.50761 48449 11 2066 286414 1156022 2
samples exp1-1-5670 4 sat 59.009163 55854 23 3147 339219 1297179 2
samples exp1-1-5670 4 sat 56.00741 53812 3 2208 312720 1259997 2
samples exp1-1-5670 8 sat 38.412888 34395 64 3598 221428 1636954 2
samples exp1-1-5670 8 sat 40.290764 35011 71 4972 192793 1589237 2
samples exp1-1-5670 8 sat 34.21731 30835 118 3097 184553 1460693 2
samples exp1-1-5670 8 sat 36.514038 31757 110 4682 180760 1435676 2
samples exp1-1-5670 8 sat 33.014374 29779 137 3137 169239 1401775 2
samples exp1-1-5670 8 sat 32.514004 29131 48 3371 172497 1355107 2
samples exp1-1-5670 8 sat 33.009293 29749 27 3272 165250 1346705 2
samples exp1-1-5670 8 sat 45.027893 39009 29 6014 219373 1776456 2
samples exp1-1-5670 8 sat 36.01231 32516 40 3491 191493 1507137 2
samples exp1-1-5670 8 sat 35.661606 30857 220 4459 165768 1342447 2
samples exp1-1-5670 16 sat 28.949436 20701 124 7767 104331 1682221 2
samples exp1-1-5670 16 sat 24.600746 18729 212 5709 94582 1567897 2
samples exp1-1-5670 16 sat 25.547733 18626 75 6903 95798 1480579 2
samples exp1-1-5670 16 sat 29.66638 20072 997 8512 96693 1627444 2
samples exp1-1-5670 16 sat 27.032963 19837 45 7218 107838 1605672 2
samples exp1-1-5670 16 sat 26.448328 19325 139 6605 113619 1706593 2
samples exp1-1-5670 16 sat 27.887648 20215 79 7322 112025 1740745 2
samples exp1-1-5670 16 sat 25.04696 18722 70 6316 97684 1529539 2
samples exp1-1-5670 16 sat 27.241663 19990 249 6846 101130 1649139 2
samples exp1-1-5670 16 sat 21.04757 15870 425 4788 78205 1305951 2
samples exp1-1-5670 32 sat 41.235188 12181 2212 26789 57004 1954974 2
samples exp1-1-5670 32 sat 34.957115 12108 130 22451 50955 1486656 2
samples exp1-1-5670 32 sat 39.749634 13347 425 25944 56017 1782701 2
samples exp1-1-5670 32 sat 41.539356 13504 137 27975 57792 1792995 2
samples exp1-1-5670 32 sat 29.578625 10450 94 19102 43712 1333556 2
samples exp1-1-5670 32 sat 35.990818 10577 169 24902 40955 1298974 2
samples exp1-1-5670 32 sat 43.62543 14116 194 29322 61538 1897873 2
samples exp1-1-5670 32 sat 36.577065 13001 156 23481 52582 1756767 2
samples exp1-1-5670 32 sat 41.081593 14389 142 26607 64939 1921648 2
samples exp1-1-5670 32 sat 42.106773 13307 528 28355 61899 1915559 2
