samples exp1-1-5670 1 sat 185.73111 185183 3 324 832404 832404 2
samples exp1-1-5670 1 sat 176.96597 176183 2 325 818932 818932 2
samples exp1-1-5670 1 sat 186.22916 185648 3 359 871251 871251 2
samples exp1-1-5670 1 sat 176.90353 176200 3 306 825054 825054 2
samples exp1-1-5670 1 sat 177.50719 177186 3 321 802615 802615 2
samples exp1-1-5670 1 sat 188.7913 188166 3 341 872599 872599 2
samples exp1-1-5670 1 sat 193.67 193138 2 370 893378 893378 2
samples exp1-1-5670 1 sat 169.50845 169214 3 294 761861 761861 2
samples exp1-1-5670 1 sat 176.6419 176196 2 312 853593 853593 2
samples exp1-1-5670 1 sat 197.43831 196648 2 360 878569 878569 2
samples exp1-1-5670 2 sat 115.91069 115079 7 428 532464 1059785 2
samples exp1-1-5670 2 sat 104.25558 103604 22 391 475342 927627 2
samples exp1-1-5670 2 sat 109.93662 109083 3 428 530785 1029654 2
samples exp1-1-5670 2 sat 109.05164 108581 27 408 479703 967764 2
samples exp1-1-5670 2 sat 105.34503 104648 29 353 473905 964842 2
samples exp1-1-5670 2 sat 108.81951 108117 15 385 484421 982205 2
samples exp1-1-5670 2 sat 103.735695 103143 59 317 459570 892463 2
samples exp1-1-5670 2 sat 113.829765 113092 13 411 504913 996361 2
samples exp1-1-5670 2 sat 112.44381 111625 5 383 519366 1001254 2
samples exp1-1-5670 2 sat 120.504776 119988 16 512 570800 1110041 2
samples exp1-1-5670 4 sat 59.526558 59149 35 341 283493 1101166 2
samples exp1-1-5670 4 sat 65.48573 64533 50 435 323509 1246212 2
samples exp1-1-5670 4 sat 77.00836 76254 78 697 350344 1423523 2
samples exp1-1-5670 4 sat 62.283024 61609 50 365 308483 1182088 2
samples exp1-1-5670 4 sat 74.00419 73291 15 721 345646 1405137 2
samples exp1-1-5670 4 sat 68.506 67860 105 560 327257 1287714 2
samples exp1-1-5670 4 sat 67.05787 66551 34 435 338838 1320575 2
samples exp1-1-5670 4 sat 65.33801 64540 49 436 304022 1203460 2
samples exp1-1-5670 4 sat 62.627583 62109 22 395 298408 1193191 2
samples exp1-1-5670 4 sat 60.055614 59593 4 422 284929 1139254 2
samples exp1-1-5670 8 sat 40.503204 39790 10 732 191199 1484414 2
samples exp1-1-5670 8 sat 45.751495 44634 46 863 208948 1668811 2
samples exp1-1-5670 8 sat 41.70041 40833 43 674 194816 1534182 2
samples exp1-1-5670 8 sat 43.50569 42770 11 753 200678 1590463 2
samples exp1-1-5670 8 sat 39.00673 38368 80 594 174299 1427362 2
samples exp1-1-5670 8 sat 43.503494 42839 39 667 203308 1639823 2
samples exp1-1-5670 8 sat 41.948574 40754 84 708 190625 1523147 2
samples exp1-1-5670 8 sat 52.508335 51250 248 1037 243175 1934760 2
samples exp1-1-5670 8 sat 53.5888 52498 81 961 243238 1979550 2
samples exp1-1-5670 8 sat 42.350185 41322 52 664 181207 1462731 2
samples exp1-1-5670 16 sat 30.535769 29180 111 1288 119424 1843838 2
samples exp1-1-5670 16 sat 32.920265 31043 142 1389 141084 2156644 2
samples exp1-1-5670 16 sat 40.884468 38994 108 1474 161060 2507692 2
samples exp1-1-5670 16 sat 33.007458 31790 80 1191 140913 2231643 2
samples exp1-1-5670 16 sat 30.511225 29045 303 1210 131942 2048026 2
samples exp1-1-5670 16 sat 36.14678 34534 139 1389 126729 2087091 2
samples exp1-1-5670 16 sat 27.998247 26411 55 1108 123088 1927906 2
samples exp1-1-5670 16 sat 32.51794 31068 137 1373 135864 2275493 2
samples exp1-1-5670 16 sat 33.009182 31565 47 1449 133676 2149306 2
samples exp1-1-5670 16 sat 29.821524 28116 217 1238 131512 2066648 2
samples exp1-1-5670 32 sat 26.27626 23994 101 2016 94222 3020740 2
samples exp1-1-5670 32 sat 23.05705 19908 1352 1829 80602 2837527 2
samples exp1-1-5670 32 sat 24.259502 22124 210 1761 86540 2707454 2
samples exp1-1-5670 32 sat 23.06969 21089 74 1934 93260 2888113 2
samples exp1-1-5670 32 sat 23.54173 21426 316 1853 93583 2867186 2
samples exp1-1-5670 32 sat 23.278214 20044 1363 1676 74743 2683136 2
samples exp1-1-5670 32 sat 24.523567 22179 66 2349 89617 2822000 2
samples exp1-1-5670 32 sat 23.572237 21484 193 1940 93621 2885650 2
samples exp1-1-5670 32 sat 20.903687 18982 167 1486 82634 2599826 2
samples exp1-1-5670 32 sat 23.528929 21754 54 1770 84985 2740881 2
