samples 07 1 sat 10.279394 9993 1 11 8124 8124
samples 07 1 sat 3.5938628 3499 0 6 2042 2042
samples 07 1 sat 15.691313 15488 1 16 11240 11240
samples 07 1 sat 15.088932 14986 1 17 11727 11727
samples 07 1 sat 30.863998 30478 1 24 26901 26901
samples 07 1 sat 2.1345177 2002 0 4 1392 1392
samples 07 1 sat 35.573353 35468 2 34 29944 29944
samples 07 1 sat 3.4737294 2998 0 6 2854 2854
samples 07 1 sat 49.865498 49454 2 49 43066 43066
samples 07 1 sat 5.886167 5497 0 7 5460 5460
samples 07 2 sat 6.441577 5974 7 24 4689 8515
samples 07 2 sat 1.0894113 999 2 6 617 1078
samples 07 2 sat 0.6379501 505 0 3 108 178
samples 07 2 sat 17.244934 16925 16 64 12354 26386
samples 07 2 sat 13.930614 13407 21 77 11867 21236
samples 07 2 sat 3.6640778 3483 2 18 2564 4791
samples 07 2 sat 14.283531 13965 5 33 9628 20537
samples 07 2 sat 15.105141 14932 20 55 10101 21008
samples 07 2 sat 3.8774254 3488 4 18 2565 4800
samples 07 2 sat 2.8638992 2495 0 12 1952 3565
samples 07 4 sat 3.6106594 3450 5 52 2028 7828
samples 07 4 sat 2.3846986 1991 1 44 1039 3634
samples 07 4 sat 0.95645297 515 0 4 419 1185
samples 07 4 sat 6.239975 5854 83 68 3830 14486
samples 07 4 sat 2.5828397 2435 4 67 1305 5009
samples 07 4 sat 17.09136 16808 25 176 12456 46672
samples 07 4 sat 1.402668 962 42 6 451 1157
samples 07 4 sat 7.59153 7253 126 129 4684 18552
samples 07 4 sat 1.8383259 1496 2 19 600 2916
samples 07 4 sat 4.6137967 4376 47 82 2910 10613
samples 07 8 sat 9.115436 8724 47 249 4997 38378
samples 07 8 sat 6.2562246 5664 13 339 2273 23672
samples 07 8 sat 2.2556894 1963 3 47 678 5471
samples 07 8 sat 2.284185 1937 13 71 720 4467
samples 07 8 sat 1.9460781 1473 14 69 553 4414
samples 07 8 sat 2.2515862 1917 44 52 627 4458
samples 07 8 sat 5.849381 5307 54 156 1916 18796
samples 07 8 sat 5.335351 4594 125 297 1704 15481
samples 07 8 sat 1.442696 958 48 23 248 2190
samples 07 8 sat 4.7808337 4263 95 152 2066 16437
samples 07 16 sat 1.3750343 952 241 6 31 716
samples 07 16 sat 2.754875 2366 81 72 491 7248
samples 07 16 sat 1.4124955 1087 135 3 31 682
samples 07 16 sat 2.952227 2315 140 68 479 7340
samples 07 16 sat 2.8423955 2275 178 76 760 8987
samples 07 16 sat 1.9067426 1411 104 63 188 1873
samples 07 16 sat 3.1427372 2877 70 76 507 10915
samples 07 16 sat 1.388566 987 161 13 31 891
samples 07 16 sat 0.9735072 664 16 4 30 662
samples 07 16 sat 2.4969223 1828 130 60 425 8053
samples 07 32 sat 1.4708148 998 182 6 31 1229
samples 07 32 sat 1.3885914 1038 129 8 31 1099
samples 07 32 sat 1.4612437 1187 62 4 98 1040
samples 07 32 sat 2.2264485 1802 58 171 169 3856
samples 07 32 sat 1.2361724 994 37 8 31 1117
samples 07 32 sat 1.3729 1101 22 8 31 889
samples 07 32 sat 1.9226608 1372 147 180 86 2120
samples 07 32 sat 2.7815778 2365 34 139 292 9619
samples 07 32 sat 1.434762 1130 43 6 31 1163
samples 07 32 sat 2.3382566 1847 56 137 191 7223
