samples 07 1 sat 43.133675 42973 2 29 37708 37708
samples 07 1 sat 25.304653 24988 2 20 21437 21437
samples 07 1 sat 26.060844 25984 1 18 24186 24186
samples 07 1 sat 46.21227 45968 2 33 40448 40448
samples 07 1 sat 3.4147363 3005 1 7 2373 2373
samples 07 1 sat 2.5729108 2504 0 4 2632 2632
samples 07 1 sat 9.240873 9001 1 11 7908 7908
samples 07 1 sat 6.349826 5999 0 8 5149 5149
samples 07 1 sat 10.272321 9991 0 12 8507 8507
samples 07 1 sat 53.32697 52965 2 37 43895 43895
samples 07 2 sat 9.622181 9467 9 33 7443 13692
samples 07 2 sat 9.611529 9473 8 23 7140 13943
samples 07 2 sat 15.091296 14963 9 33 10106 21865
samples 07 2 sat 4.7872443 4487 1 16 3409 7067
samples 07 2 sat 24.892303 24425 15 63 19984 37815
samples 07 2 sat 1.610003 1501 0 4 875 1518
samples 07 2 sat 6.572385 6466 13 27 5712 10521
samples 07 2 sat 3.5808077 3471 19 17 2578 5105
samples 07 2 sat 16.979126 16461 15 30 11273 25944
samples 07 2 sat 1.6073529 1499 1 6 755 1299
samples 07 4 sat 17.893723 17352 77 79 11321 47909
samples 07 4 sat 10.679245 10388 35 82 7404 30396
samples 07 4 sat 9.125881 8890 57 62 5941 22690
samples 07 4 sat 8.298111 7821 80 108 5400 21050
samples 07 4 sat 11.41439 10860 68 84 7844 31360
samples 07 4 sat 3.7114944 3451 7 48 2100 8569
samples 07 4 sat 1.6144139 1496 3 14 604 2127
samples 07 4 sat 2.7730155 2457 7 45 1468 6021
samples 07 4 sat 2.1190085 1987 2 35 796 3649
samples 07 4 sat 9.634958 9368 76 60 5737 23613
samples 07 8 sat 7.7293797 7254 46 216 4564 30087
samples 07 8 sat 1.6683211 1423 66 76 427 2098
samples 07 8 sat 1.8871336 1442 40 69 340 3280
samples 07 8 sat 7.103933 6836 92 82 3607 28372
samples 07 8 sat 4.1546354 3910 52 55 1942 11866
samples 07 8 sat 2.187453 1883 32 102 484 4244
samples 07 8 sat 1.7377369 1438 63 54 299 1987
samples 07 8 sat 9.621632 9290 104 117 4054 37978
samples 07 8 sat 4.156546 3911 18 87 1426 12862
samples 07 8 sat 3.1156514 2921 17 70 1127 8340
samples 07 16 sat 1.7675185 1359 151 136 138 1903
samples 07 16 sat 6.1528783 5768 139 118 2066 27467
samples 07 16 sat 2.3203707 1795 179 215 254 3307
samples 07 16 sat 3.4706385 2767 63 191 642 12913
samples 07 16 sat 2.6512537 2330 115 74 422 6160
samples 07 16 sat 2.6463192 2324 130 67 367 7216
samples 07 16 sat 6.1893234 5812 99 119 2029 30745
samples 07 16 sat 2.6344454 2294 125 102 278 6682
samples 07 16 sat 1.8148761 1405 113 41 94 1508
samples 07 16 sat 2.2010767 1808 105 103 358 5164
samples 07 32 sat 5.7117224 4877 183 476 819 24626
samples 07 32 sat 2.3922238 1810 97 320 146 2872
samples 07 32 sat 1.3856597 1075 31 7 93 1218
samples 07 32 sat 2.7146018 2053 100 398 192 4897
samples 07 32 sat 1.3964317 1086 109 9 63 820
samples 07 32 sat 1.3604918 1038 25 5 93 1793
samples 07 32 sat 1.4150555 1112 45 6 93 1174
samples 07 32 sat 0.9918876 614 13 4 62 1201
samples 07 32 sat 2.7063565 1895 164 479 172 4293
samples 07 32 sat 1.4739996 1120 38 7 93 1254
