amaze 2012-03-09 16 sat 0.08150428 0 0 0 37 736
amaze 2012-04-27 16 sat 0.13891782 0 0 0 102 1227
amaze 2012-05-31 16 sat 0.10489487 0 0 0 71 1256
amaze 2012-06-15 16 sat 0.29463446 0 0 0 538 7610
amaze mod2012-06-22 16 sat 1.2085261 579 6 469 6017 87281
black-hole 12 16 sat 0.3832554 0 0 0 43 514
black-hole 16 16 sat 0.47260624 0 0 0 322 6073
black-hole 18 16 sat 0.4167377 0 0 0 157 2249
black-hole 4 16 sat 2.3578553 1910 2 102 8071 144978
black-hole 6 16 unsat 0.23007922 0 0 0 0 0
costasarray 16 16 sat 6.4232035 5693 6 325 71962 1156795
costasarray 17 16 sat 3.1377978 2791 4 219 25031 406646
costasarray 18 16 sat 11.315084 10544 11 480 98573 1573203
costasarray 19 16 timeout 1000.7716 328289 1372 671116 2487734 39273485
costasarray 20 16 timeout 1000.40326 305501 1810 693098 2081413 34239996
cryptanalysis kb128_n5_obj11 16 unsat 37.015633 36472 437 298 9287 147975
cryptanalysis kb128_n5_obj14 16 unsat 144.34206 139141 3183 1970 45144 692107
cryptanalysis kb128_n5_obj16 16 sat 28.706366 27485 719 678 10907 155382
cryptanalysis kb128_n5_obj17 16 sat 1.1664896 1235 4 81 618 8009
cryptanalysis kb192_n7_obj10 16 unsat 168.62418 164595 2760 1588 22394 323568
fillomino 5x5_1 16 sat 273.67505 77699 500 195462 997075 15086516
fillomino 5x5_6 16 sat 51.262177 39868 75 11216 790352 10694191
fillomino 6x6_0 16 timeout 1001.51587 76385 1920 923237 769882 12165113
fillomino 6x6_5 16 timeout 1003.254 79043 1871 922382 733246 11719972
fillomino 7x7_0 16 timeout 1000.8059 31768 1662 967420 233406 3621377
m-knapsack mknap1-6 16 timeout 1000.4024 121195 3065 876144 15155102 237440970
m-knapsack mknap2-10 16 timeout 1000.2746 148567 3956 847754 14382204 222499495
m-knapsack mknap2-1 16 sat 21.6359 20541 28 973 559123 8830120
m-knapsack mknap2-20 16 sat 1.5316714 1326 2 187 129932 2120285
m-knapsack mknap2-31 16 timeout 1000.3936 158575 3703 838118 13267258 233307798
nonogram dom_06 16 sat 0.23793302 0 0 0 1476 22154
nonogram dom_08 16 sat 8.844464 8122 10 387 138708 2156889
nonogram dom_10 16 timeout 1000.0011 647844 2456 349531 8277129 129860287
nonogram dom_12 16 timeout 1000.25354 637063 2251 360943 6943568 108541600
nonogram dom_14 16 timeout 1000.00073 453289 2319 544222 3906861 63801053
oocsp_racks oocsp_racks_030_f7 16 timeout 1000.8333 192681 5542 802936 4025952 50916666
oocsp_racks oocsp_racks_030_mii8_cc 16 sat 2.7491796 2589 47 237 19654 309427
oocsp_racks oocsp_racks_050_e5 16 sat 92.93496 52408 2840 37958 637167 9382247
oocsp_racks oocsp_racks_050_r1 16 sat 2.2508674 2153 156 83 138 3325
oocsp_racks oocsp_racks_100_r1_cc 16 sat 45.976456 35531 10906 144 188 2891
pentominoes-int 02 16 sat 1.1157392 966 52 7 18 268
pentominoes-int 04 16 timeout 1000.00116 657020 341328 1526 3344 53316
pentominoes-int 05 16 sat 1.244174 985 65 6 55 1010
pentominoes-int 06 16 sat 1.1894318 890 135 7 85 913
pentominoes-int 07 16 sat 5.6899085 5082 203 237 1690 22686
rect_packing rpp18_true 16 sat 0.115088105 0 0 0 46 310
rect_packing rpp21_false 16 sat 0.27444336 0 0 0 120 1337
rect_packing rpp22_false 16 sat 0.19425178 0 0 0 59 399
rect_packing rpp23_false 16 sat 1.2161621 524 0 532 234 4233
rect_packing rpp26_false 16 sat 0.8070634 516 1 190 480 4992
rotating-workforce Example1014 16 timeout 1000.2697 314987 1762 683537 1786891 28278059
rotating-workforce Example103 16 sat 3.3705342 2412 10 624 25317 389705
rotating-workforce Example1479 16 sat 0.46688777 0 0 0 173 2678
rotating-workforce Example1780 16 timeout 234.2004 212041 357 21682 1489320 24038537
rotating-workforce Example593 16 timeout 1000.0007 108475 1798 889644 767089 12135837
soccer-computational 02 16 sat 0.7939473 510 157 9 17 99
soccer-computational 04 16 timeout 1000.38855 618431 380347 1572 3410 54173
soccer-computational 05 16 sat 1.463872 1047 42 4 114 2028
soccer-computational 06 16 sat 1.3591031 1069 39 8 109 1051
soccer-computational 07 16 sat 2.3025904 1751 169 97 466 5731
solbat sb_13_13_5_1 16 sat 40.941483 37499 2278 809 99882 1690451
solbat sb_13_13_5_5 16 unsat 36.023167 35105 157 855 121405 1896262
solbat sb_15_15_6_0 16 sat 378.18747 342499 1102 34578 866376 13503884
solbat sb_15_15_7_3 16 sat 61.88399 52223 7866 1586 134969 2401000
solbat sb_15_15_7_5 16 sat 264.39658 205762 2364 56192 693338 11054591
