amaze 2012-03-09 32 sat 0.12578371 0 0 0 47 1523
amaze 2012-04-27 32 sat 0.18786855 0 0 0 150 2219
amaze 2012-05-31 32 sat 0.1661824 0 0 0 72 2528
amaze 2012-06-15 32 sat 0.33249727 0 0 0 538 14896
amaze mod2012-06-22 32 sat 0.40499896 0 0 0 6115 152992
black-hole 12 32 sat 0.7021409 508 2 71 111 6355
black-hole 16 32 sat 0.9578892 508 3 225 295 12736
black-hole 18 32 sat 0.7890203 510 1 67 198 5265
black-hole 4 32 sat 1.4012899 987 1 181 956 64617
black-hole 6 32 unsat 0.23423423 0 0 0 0 0
costasarray 16 32 sat 2.3719234 1712 5 348 16466 501142
costasarray 17 32 sat 11.318561 9694 22 1389 93309 2970383
costasarray 18 32 sat 17.240166 14180 54 2916 114756 3664492
costasarray 19 32 timeout 1000.0011 140067 2814 856806 984036 31523869
costasarray 20 32 timeout 1000.0127 134644 4359 861015 806512 27649387
cryptanalysis kb128_n5_obj11 32 unsat 35.546566 35096 499 545 6918 205977
cryptanalysis kb128_n5_obj14 32 unsat 128.88739 121857 2396 4781 31204 909817
cryptanalysis kb128_n5_obj16 32 sat 26.956926 25206 607 1377 6058 192251
cryptanalysis kb128_n5_obj17 32 sat 0.49110696 0 0 0 179 3487
cryptanalysis kb192_n7_obj10 32 unsat 141.53038 132734 4945 4399 14829 436079
fillomino 5x5_1 32 sat 583.9931 47144 1795 534766 597695 18541612
fillomino 5x5_6 32 sat 58.422325 24771 141 33451 418300 13158237
fillomino 6x6_0 32 timeout 1001.7607 36982 3122 961709 361034 11552283
fillomino 6x6_5 32 timeout 1002.02783 38277 4030 959755 325697 10622547
fillomino 7x7_0 32 timeout 1005.6002 15733 3553 986382 107489 3293334
m-knapsack mknap1-6 32 timeout 1000.2286 35609 3475 961149 4213337 129556369
m-knapsack mknap2-10 32 timeout 1000.0592 49702 3491 946870 3926947 128727294
m-knapsack mknap2-1 32 sat 19.611507 17532 75 1977 415480 13152625
m-knapsack mknap2-20 32 sat 1.192887 807 2 238 44558 1530609
m-knapsack mknap2-31 32 timeout 1000.08325 47741 3989 948356 4036126 129238134
nonogram dom_06 32 sat 0.27901095 0 0 0 1786 46819
nonogram dom_08 32 sat 8.29164 6968 31 1093 104238 3417475
nonogram dom_10 32 timeout 1000.00116 324787 5769 669430 3576877 116510532
nonogram dom_12 32 timeout 1000.00073 323786 6804 669305 2887910 94779564
nonogram dom_14 32 timeout 1000.1625 228147 3530 768489 1752790 55895133
oocsp_racks oocsp_racks_030_f7 32 timeout 1000.1 81441 34606 884542 952754 38768637
oocsp_racks oocsp_racks_030_mii8_cc 32 sat 2.3894675 2232 55 313 2754 192889
oocsp_racks oocsp_racks_050_e5 32 sat 48.124954 21312 1645 25750 148061 5177222
oocsp_racks oocsp_racks_050_r1 32 sat 3.2525537 3086 121 461 117 5589
oocsp_racks oocsp_racks_100_r1_cc 32 sat 72.48357 57937 15253 269 283 8339
pentominoes-int 02 32 sat 0.9164956 528 179 5 17 202
pentominoes-int 04 32 timeout 1000
pentominoes-int 05 32 sat 2.1454043 1717 85 242 72 2441
pentominoes-int 06 32 sat 2.1934094 1478 74 528 66 1456
pentominoes-int 07 32 sat 1.8476459 1405 117 81 78 1147
rect_packing rpp18_true 32 sat 0.15083921 0 0 0 35 590
rect_packing rpp21_false 32 sat 0.30765644 0 0 0 60 1062
rect_packing rpp22_false 32 sat 0.2707315 0 0 0 54 752
rect_packing rpp23_false 32 sat 0.3686535 0 0 0 85 1015
rect_packing rpp26_false 32 sat 1.2360725 794 5 369 162 3523
rotating-workforce Example1014 32 timeout 1000.5427 156935 3316 840319 816438 25687034
rotating-workforce Example103 32 sat 1.1879892 536 5 526 1260 32118
rotating-workforce Example1479 32 sat 0.44849572 0 0 0 149 5038
rotating-workforce Example1780 32 timeout 175.37544 143203 421 31490 940883 30498408
rotating-workforce Example593 32 timeout 1000.0648 55206 4121 940785 359944 11028065
soccer-computational 02 32 sat 0.91035026 602 114 5 17 183
soccer-computational 04 32 timeout 1000
soccer-computational 05 32 sat 2.6499178 1958 86 515 112 2826
soccer-computational 06 32 sat 1.9821789 1436 81 256 93 2007
soccer-computational 07 32 sat 2.451264 1782 36 489 99 3054
solbat sb_13_13_5_1 32 sat 37.924175 34306 1566 1879 77195 2501143
solbat sb_13_13_5_5 32 unsat 32.53921 30771 363 1545 86536 2695695
solbat sb_15_15_6_0 32 sat 347.46176 268953 17224 61109 579442 17555583
solbat sb_15_15_7_3 32 sat 55.39396 50047 2523 2720 113341 3367396
solbat sb_15_15_7_5 32 sat 453.81528 204562 1561 247765 481953 14964336
