amaze 2012-03-09 4 sat 0.038575318 0 0 0 37 136
amaze 2012-04-27 4 sat 2.5069394 2361 1 151 116430 476677
amaze 2012-05-31 4 sat 0.054660033 0 0 0 69 382
amaze 2012-06-15 4 sat 0.28491628 0 0 0 2681 10497
amaze mod2012-06-22 4 sat 0.46868223 0 0 0 9148 35815
black-hole 12 4 sat 1.0251809 1000 0 10 7714 29998
black-hole 16 4 sat 0.27516818 0 0 0 322 1210
black-hole 18 4 sat 1.4848317 998 1 13 11240 44948
black-hole 4 4 sat 2.2364402 1973 2 43 17759 54088
black-hole 6 4 unsat 0.07002018 0 0 0 0 0
costasarray 16 4 sat 13.83327 13405 3 105 171977 681584
costasarray 17 4 sat 8.767597 8401 6 100 92819 372271
costasarray 18 4 sat 35.4623 34601 11 402 338084 1328767
costasarray 19 4 timeout 1000.16675 825751 69 174352 7185574 28556463
costasarray 20 4 timeout 1000.1643 840618 314 159236 6442592 26344306
cryptanalysis kb128_n5_obj11 4 unsat 47.633244 45429 2115 84 19796 80841
cryptanalysis kb128_n5_obj14 4 unsat 237.5034 236514 9 1148 121364 419251
cryptanalysis kb128_n5_obj16 4 sat 31.306305 31003 19 109 20470 75447
cryptanalysis kb128_n5_obj17 4 sat 2.6761801 2600 44 43 1353 7657
cryptanalysis kb192_n7_obj10 4 unsat 266.504 265548 536 559 54613 206554
fillomino 5x5_1 4 sat 275.77194 218875 118 56670 3618095 14497003
fillomino 5x5_6 4 sat 80.30928 76985 43 3003 2046067 8050924
fillomino 6x6_0 4 timeout 1000.06445 310470 684 688924 3413711 13866006
fillomino 6x6_5 4 timeout 1000.762 332074 391 668308 3547544 14334835
fillomino 7x7_0 4 timeout 1000.7042 131736 398 868593 1008767 4051314
m-knapsack mknap1-6 4 timeout 1000.6784 437581 572 562528 63495024 259499361
m-knapsack mknap2-10 4 timeout 1000.0007 514906 418 484525 53619651 215545803
m-knapsack mknap2-1 4 sat 46.88454 45776 9 722 1150603 4627261
m-knapsack mknap2-20 4 sat 0.93135923 504 0 12 110994 448210
m-knapsack mknap2-31 4 timeout 1000.4024 533345 89 466970 55991142 220004809
nonogram dom_06 4 sat 0.3736048 0 0 0 1934 7699
nonogram dom_08 4 sat 13.320216 12936 1 71 221008 895625
nonogram dom_10 4 timeout 1000.0009 859668 238 139723 11725129 46157488
nonogram dom_12 4 timeout 1000.0676 856418 168 143485 9773648 39453931
nonogram dom_14 4 timeout 1000.1574 838117 2203 159839 8571813 33928266
oocsp_racks oocsp_racks_030_f7 4 timeout 1000.3786 357845 143093 499543 7986456 39229153
oocsp_racks oocsp_racks_030_mii8_cc 4 sat 45.870396 32374 11204 2215 633871 3130299
oocsp_racks oocsp_racks_050_e5 4 sat 313.68307 270579 51 43135 3809578 14340333
oocsp_racks oocsp_racks_050_r1 4 sat 0.78021485 720 17 2 11 36
oocsp_racks oocsp_racks_100_r1_cc 4 sat 5.4956794 5320 198 9 28 101
pentominoes-int 02 4 sat 0.7678518 505 2 3 28 203
pentominoes-int 04 4 timeout 1000.4456 834867 165133 340 3945 16088
pentominoes-int 05 4 sat 0.9153977 514 32 4 166 611
pentominoes-int 06 4 sat 0.8388036 542 0 2 110 181
pentominoes-int 07 4 sat 5.9311724 5437 22 52 3363 11564
rect_packing rpp18_true 4 sat 1.5186634 1495 0 19 6597 26350
rect_packing rpp21_false 4 sat 0.5693212 508 0 6 902 2659
rect_packing rpp22_false 4 sat 0.6856867 506 0 4 1116 4960
rect_packing rpp23_false 4 sat 0.54511875 506 0 6 387 1532
rect_packing rpp26_false 4 sat 0.88882726 509 0 5 1494 5288
rotating-workforce Example1014 4 timeout 1000.1563 843060 220 156884 5335616 21051155
rotating-workforce Example103 4 sat 4.5765905 4430 3 77 50849 196930
rotating-workforce Example1479 4 sat 0.21185507 0 0 0 173 668
rotating-workforce Example1780 4 timeout 566.3311 544286 327 21431 3937709 15671446
rotating-workforce Example593 4 timeout 1000.2093 417147 250 582824 3068463 12373685
soccer-computational 02 4 sat 0.7226714 516 30 4 21 70
soccer-computational 04 4 timeout 1000.56915 821492 178607 322 4017 16047
soccer-computational 05 4 sat 1.0873207 1000 5 6 64 273
soccer-computational 06 4 sat 0.9033094 535 5 5 110 182
soccer-computational 07 4 sat 5.0795755 4939 13 56 2235 9046
solbat sb_13_13_5_1 4 sat 84.29322 83563 24 458 278274 1045912
solbat sb_13_13_5_5 4 unsat 73.50214 73075 56 397 200258 936264
solbat sb_15_15_6_0 4 sat 809.5862 790653 283 18609 1992002 7660760
solbat sb_15_15_7_3 4 sat 121.23569 120021 154 865 360173 1453992
solbat sb_15_15_7_5 4 sat 389.75012 374907 473 14171 1403959 5566676
