samples Dubois-022 1 unsat 430.1854 387597 11 42422 9364246 9364246
samples Dubois-022 1 unsat 449.43576 404748 12 44488 9725405 9725405
samples Dubois-022 1 unsat 404.53873 362566 11 41947 9382349 9382349
samples Dubois-022 1 unsat 336.90405 304349 9 32505 8583932 8583932
samples Dubois-022 1 unsat 400.1028 358736 10 41291 9560548 9560548
samples Dubois-022 1 timeout 500.0269 455787 14 44226 9118593 9118593
samples Dubois-022 1 timeout 500.04413 455460 14 44571 9056181 9056181
samples Dubois-022 1 unsat 401.35193 358480 8 42534 9628296 9628296
samples Dubois-022 1 unsat 481.2456 430077 12 51076 9832078 9832078
samples Dubois-022 1 unsat 408.49524 368538 12 39488 9278190 9278190
samples Dubois-022 2 timeout 463.93228 344247 28503 90896 5082741 10179437
samples Dubois-022 2 timeout 500.08554 379213 27474 93399 4954198 9910270
samples Dubois-022 2 timeout 330.42377 240919 17405 72091 4527427 9054882
samples Dubois-022 2 timeout 420.59103 304787 29404 86401 4785501 9570663
samples Dubois-022 2 timeout 392.65518 285826 23909 82842 4703088 9409682
samples Dubois-022 2 timeout 417.29947 297286 32155 87642 4810557 9619008
samples Dubois-022 2 timeout 439.7385 331519 17897 90160 4880160 9753534
samples Dubois-022 2 timeout 500.1328 387155 18992 93987 5168390 10335788
samples Dubois-022 2 timeout 500.1116 377602 29612 92900 5248262 10486108
samples Dubois-022 2 timeout 447.7455 345575 14849 87144 4895464 9801123
samples Dubois-022 4 timeout 360.90656 220901 31085 108807 2676644 10710365
samples Dubois-022 4 timeout 358.304 223559 24813 109690 2695192 10780096
samples Dubois-022 4 timeout 354.64624 202727 47137 104750 2704523 10820148
samples Dubois-022 4 timeout 266.42456 144922 36202 85052 2387781 9539697
samples Dubois-022 4 timeout 459.18228 284465 31716 142998 2927822 11709680
samples Dubois-022 4 timeout 369.8124 217495 34537 117765 2729826 10920194
samples Dubois-022 4 timeout 261.83676 155014 25969 80666 2476245 9903666
samples Dubois-022 4 timeout 383.80948 237204 26415 120130 2729555 10915938
samples Dubois-022 4 timeout 318.9286 183218 40614 94943 2653627 10616096
samples Dubois-022 4 timeout 265.67017 147636 35106 82837 2401813 9602594
samples Dubois-022 8 timeout 364.39948 155883 36559 171933 1451738 11614431
samples Dubois-022 8 timeout 262.11005 116790 26480 118842 1294650 10359617
samples Dubois-022 8 timeout 271.64786 121440 26580 123627 1384873 11083829
samples Dubois-022 8 timeout 225.41795 104006 21838 99506 1277410 10219368
samples Dubois-022 8 timeout 162.6816 83459 11277 67935 1160131 9256491
samples Dubois-022 8 timeout 199.87556 88477 25664 85496 1201969 9612348
samples Dubois-022 8 timeout 265.1475 117896 31054 116099 1314395 10518004
samples Dubois-022 8 timeout 312.70242 137223 33453 141995 1386689 11091087
samples Dubois-022 8 timeout 262.27472 113181 30231 118780 1352688 10818546
samples Dubois-022 8 timeout 191.63474 83409 26295 81903 1196219 9570037
samples Dubois-022 16 timeout 342.82733 93356 23302 226171 690918 11053022
samples Dubois-022 16 timeout 332.01804 79723 31688 220609 689650 11039954
samples Dubois-022 16 timeout 358.9931 93067 24188 241429 717793 11482828
samples Dubois-022 16 timeout 315.47726 81968 27446 206061 674276 10789555
samples Dubois-022 16 timeout 298.40457 85989 17947 194452 676405 10819286
samples Dubois-022 16 timeout 336.66473 90903 24056 221646 681382 10901495
samples Dubois-022 16 timeout 300.89053 75757 26720 198386 666598 10670892
samples Dubois-022 16 timeout 361.28424 90088 32258 238843 714954 11446019
samples Dubois-022 16 timeout 350.81473 87569 30193 233034 705129 11284573
samples Dubois-022 16 timeout 312.20633 78759 27678 205757 663606 10622492
samples Dubois-022 32 timeout 286.2515 46050 16710 223494 318784 10151258
samples Dubois-022 32 timeout 243.41106 41504 13326 188582 291487 9320828
samples Dubois-022 32 timeout 273.399 42232 17714 213454 325626 10418799
samples Dubois-022 32 timeout 277.34888 45507 14483 217319 319638 10225279
samples Dubois-022 32 timeout 264.92786 40915 19296 204680 321106 10246794
samples Dubois-022 32 timeout 347.4564 50602 18161 278476 341664 10924199
samples Dubois-022 32 timeout 220.75952 35187 15528 170038 291588 9331681
samples Dubois-022 32 timeout 356.75433 51787 19062 285861 325038 10392794
samples Dubois-022 32 timeout 259.30106 40433 17362 201384 320967 10236975
samples Dubois-022 32 timeout 321.68195 49294 17001 255388 328779 10516515
