samples Dubois-022 1 unsat 140.24954 123566 8 16647 8942630 8942630
samples Dubois-022 1 unsat 112.0982 97788 6 14305 8908980 8908980
samples Dubois-022 1 unsat 117.74837 103742 6 14000 8787290 8787290
samples Dubois-022 1 unsat 123.5482 107938 7 15602 8606725 8606725
samples Dubois-022 1 unsat 152.44733 135324 7 17086 8655530 8655530
samples Dubois-022 1 unsat 119.889404 103163 7 16704 8684216 8684216
samples Dubois-022 1 unsat 149.4088 131015 6 18386 9039199 9039199
samples Dubois-022 1 unsat 136.58736 120586 7 15990 8887803 8887803
samples Dubois-022 1 unsat 125.524956 110841 6 14668 8942959 8942959
samples Dubois-022 1 unsat 133.34323 116730 6 16600 8814055 8814055
samples Dubois-022 2 timeout 110.925964 84605 4783 21536 4184245 8368464
samples Dubois-022 2 timeout 114.67953 84693 7766 22216 4538361 9077083
samples Dubois-022 2 timeout 124.530785 93483 8501 22527 4136228 8272449
samples Dubois-022 2 timeout 118.1667 83556 10191 24293 4241733 8466414
samples Dubois-022 2 timeout 134.06522 96763 11524 25777 4494413 8988607
samples Dubois-022 2 timeout 143.51453 105037 10218 28258 4421784 8842377
samples Dubois-022 2 timeout 104.08199 77496 6442 20121 3913028 7826559
samples Dubois-022 2 timeout 131.49281 93388 11982 26052 4430727 8860575
samples Dubois-022 2 timeout 112.85 83373 6650 22824 4475807 8951094
samples Dubois-022 2 timeout 125.40157 89270 11849 24273 4418854 8837065
samples Dubois-022 4 timeout 90.62115 52626 10801 27089 2203929 8810071
samples Dubois-022 4 timeout 93.13716 55317 10924 26893 2046030 8184145
samples Dubois-022 4 timeout 89.80049 55251 7997 26551 2044660 8178108
samples Dubois-022 4 timeout 93.67084 55838 10676 27029 2120671 8489922
samples Dubois-022 4 timeout 81.102325 46128 11022 23877 2098914 8391001
samples Dubois-022 4 timeout 90.26789 53775 10911 25351 2210868 8837169
samples Dubois-022 4 timeout 100.24873 64118 7935 28007 2140769 8555547
samples Dubois-022 4 timeout 85.44927 52975 8569 23580 2117460 8464250
samples Dubois-022 4 timeout 98.616905 58785 11021 28806 2030613 8122398
samples Dubois-022 4 timeout 102.38955 59458 15460 27473 2078476 8313984
samples Dubois-022 8 timeout 94.59035 43477 16000 35082 1092754 8799015
samples Dubois-022 8 timeout 78.41873 33684 13863 30779 1037134 8293206
samples Dubois-022 8 timeout 98.19472 53190 7852 37020 1133092 9232440
samples Dubois-022 8 timeout 81.06493 37190 11866 32008 1140612 9234970
samples Dubois-022 8 timeout 80.20855 39314 9965 30757 1099248 8792172
samples Dubois-022 8 timeout 72.751396 35011 9034 28490 1072694 8554198
samples Dubois-022 8 timeout 74.41463 34612 9996 29486 1101757 8779782
samples Dubois-022 8 timeout 71.53834 33541 9947 28053 1126750 8965100
samples Dubois-022 8 timeout 85.591484 43135 11167 31248 1098529 8781139
samples Dubois-022 8 timeout 80.3345 39372 8274 32382 1146791 9174066
samples Dubois-022 16 timeout 61.069626 21745 8603 30724 501485 8090864
samples Dubois-022 16 timeout 76.08099 27169 10159 38749 514768 8252521
samples Dubois-022 16 timeout 70.2303 26602 9210 34419 532634 8524217
samples Dubois-022 16 timeout 68.80214 23743 11169 33893 517097 8274182
samples Dubois-022 16 timeout 63.91203 20602 10776 32527 519385 8309068
samples Dubois-022 16 timeout 69.577934 24581 10867 34133 513694 8255439
samples Dubois-022 16 timeout 68.561264 23648 9403 35511 518175 8291563
samples Dubois-022 16 timeout 78.85318 25889 14919 38039 523770 8378254
samples Dubois-022 16 timeout 77.82484 27674 10381 39765 541746 8664216
samples Dubois-022 16 timeout 62.420498 19716 12039 30661 522840 8367798
samples Dubois-022 32 timeout 60.10085 16238 7394 36458 241229 7715936
samples Dubois-022 32 timeout 60.661922 15718 7016 37874 240865 7693126
samples Dubois-022 32 timeout 56.722828 14271 7756 34696 235236 7530793
samples Dubois-022 32 timeout 66.768074 16136 9486 41142 245883 7865983
samples Dubois-022 32 timeout 57.726772 14828 7543 35356 242887 7773601
samples Dubois-022 32 timeout 52.695255 15409 5757 31532 236390 7560247
samples Dubois-022 32 timeout 63.87009 18673 5919 39280 235459 7531741
samples Dubois-022 32 timeout 61.97715 16180 7920 37879 244494 7823617
samples Dubois-022 32 timeout 62.55626 16325 7450 38774 244224 7810900
samples Dubois-022 32 timeout 59.1932 15410 6326 37459 233413 7468195
