samples handball1 1 sat 157.5623 156831 2 676 2522088 2522088 2
samples handball1 1 sat 143.22726 142483 2 524 2328422 2328422 2
samples handball1 1 sat 164.36588 163379 2 627 2764251 2764251 2
samples handball1 1 sat 144.09708 143543 2 462 2314358 2314358 2
samples handball1 1 sat 134.83467 133881 3 625 2182644 2182644 2
samples handball1 1 sat 141.7759 141012 2 494 2183258 2183258 2
samples handball1 1 sat 141.34111 140434 3 572 2247773 2247773 2
samples handball1 1 sat 137.03903 136485 2 521 2124222 2124222 2
samples handball1 1 sat 145.29799 144480 2 525 2307473 2307473 2
samples handball1 1 sat 159.45233 158292 3 714 2585806 2585806 2
samples handball1 2 sat 75.28841 74375 9 636 1070421 2223648 2
samples handball1 2 sat 80.09988 79352 18 650 1202139 2394055 2
samples handball1 2 sat 75.81445 74950 26 546 1127241 2260805 2
samples handball1 2 sat 80.18405 79319 19 681 1119623 2342556 2
samples handball1 2 sat 74.00558 73428 9 579 1139701 2304449 2
samples handball1 2 sat 85.07458 84209 15 792 1270251 2578137 2
samples handball1 2 sat 70.601074 69967 6 541 1061416 2190438 2
samples handball1 2 sat 81.00242 80430 17 568 1121402 2345425 2
samples handball1 2 sat 87.69164 86765 23 707 1309787 2645749 2
samples handball1 2 sat 76.505844 75857 17 645 1157084 2327301 2
samples handball1 4 sat 47.012672 46423 19 588 696355 2804350 2
samples handball1 4 sat 42.532345 41937 23 561 638142 2499215 2
samples handball1 4 sat 46.08599 45338 68 618 624946 2564006 2
samples handball1 4 sat 39.90414 39155 23 340 562265 2222218 2
samples handball1 4 sat 35.73325 35068 35 418 498265 2074976 2
samples handball1 4 sat 45.503487 44893 47 577 672559 2677167 2
samples handball1 4 sat 45.50981 44922 46 556 705760 2674058 2
samples handball1 4 sat 45.0038 44369 45 608 668586 2694890 2
samples handball1 4 sat 40.630394 40006 42 471 584305 2282553 2
samples handball1 4 sat 40.7549 39978 15 527 579182 2379700 2
samples handball1 8 sat 26.756624 25921 42 576 343226 2787317 2
samples handball1 8 sat 25.028032 24401 25 633 340660 2691747 2
samples handball1 8 sat 26.181473 25468 39 532 352825 2844783 2
samples handball1 8 sat 25.159084 24353 33 646 329211 2624388 2
samples handball1 8 sat 27.007494 26331 52 651 348571 2928297 2
samples handball1 8 sat 27.011375 26316 56 669 370615 2944154 2
samples handball1 8 sat 28.689072 27720 73 733 366106 2990293 2
samples handball1 8 sat 25.761515 24849 48 647 322521 2748767 2
samples handball1 8 sat 20.660563 20057 47 430 265797 2085972 2
samples handball1 8 sat 25.011127 24348 32 647 320218 2616682 2
samples handball1 16 sat 16.055166 15330 47 697 189105 3089620 2
samples handball1 16 sat 16.4243 15183 110 754 191886 2958790 2
samples handball1 16 sat 15.3212805 14452 60 551 183416 2828123 2
samples handball1 16 sat 17.523046 16711 45 796 202444 3084074 2
samples handball1 16 sat 16.518732 15817 98 638 193613 3056607 2
samples handball1 16 sat 17.023155 16341 65 661 196654 3137141 2
samples handball1 16 sat 15.010299 14354 82 607 167269 2722000 2
samples handball1 16 sat 18.083464 17057 95 896 206391 3295065 2
samples handball1 16 sat 17.540466 16622 91 842 203490 3358547 2
samples handball1 16 sat 16.022682 15344 142 576 179506 2885165 2
samples handball1 32 sat 12.543977 11332 50 1221 129854 4131800 2
samples handball1 32 sat 11.721495 10205 47 1354 122484 3747186 2
samples handball1 32 sat 13.068278 11422 43 1643 124630 3997439 2
samples handball1 32 sat 13.045235 11850 41 1200 132673 4234223 2
samples handball1 32 sat 12.6640005 11068 48 1494 124891 3919837 2
samples handball1 32 sat 12.543771 11160 41 1402 122209 4032300 2
samples handball1 32 sat 12.050052 10873 65 1159 101130 3702531 2
samples handball1 32 sat 12.042855 10637 91 1383 126426 3767655 2
samples handball1 32 sat 12.565253 11276 61 1238 130448 3959392 2
samples handball1 32 sat 12.547343 11245 64 1270 106312 3508108 2
