samples handball1 1 sat 130.82487 130048 2 459 2090066 2090066 2
samples handball1 1 sat 118.10833 117654 2 351 1868993 1868993 2
samples handball1 1 sat 128.25226 127617 3 390 1962645 1962645 2
samples handball1 1 sat 120.35249 119637 2 370 1962338 1962338 2
samples handball1 1 sat 129.58296 129065 2 441 2141750 2141750 2
samples handball1 1 sat 123.85223 123161 2 346 1997365 1997365 2
samples handball1 1 sat 128.19691 127609 2 398 2072996 2072996 2
samples handball1 1 sat 127.3902 126573 2 433 2051709 2051709 2
samples handball1 1 sat 129.99615 129049 3 457 2039426 2039426 2
samples handball1 1 sat 120.1632 119670 2 335 1940677 1940677 2
samples handball1 2 sat 82.55248 81848 17 651 1293639 2576895 2
samples handball1 2 sat 69.50184 69065 22 422 1070932 2075582 2
samples handball1 2 sat 82.22554 81356 16 646 1260766 2516465 2
samples handball1 2 sat 72.37821 71528 7 483 1106755 2223582 2
samples handball1 2 sat 63.321842 62550 75 390 948162 1946512 2
samples handball1 2 sat 69.837204 69060 17 440 997771 2056629 2
samples handball1 2 sat 68.54703 68115 12 392 1052032 2074472 2
samples handball1 2 sat 73.004295 72447 13 555 1142215 2224106 2
samples handball1 2 sat 74.31758 73480 24 511 1155761 2257019 2
samples handball1 2 sat 70.057816 69512 18 490 1067885 2038639 2
samples handball1 4 sat 52.174625 51369 59 595 754289 3116946 2
samples handball1 4 sat 50.039566 49490 33 499 689017 2893744 2
samples handball1 4 sat 46.008816 45503 24 497 690216 2661638 2
samples handball1 4 sat 45.47043 44542 16 458 654700 2549220 2
samples handball1 4 sat 43.970543 43071 58 390 682105 2633883 2
samples handball1 4 sat 46.70883 46131 28 362 675467 2704614 2
samples handball1 4 sat 47.504192 46920 52 547 699561 2758720 2
samples handball1 4 sat 45.934544 45008 58 475 691893 2647238 2
samples handball1 4 sat 43.420372 42538 44 440 625422 2552468 2
samples handball1 4 sat 42.00336 41590 35 389 601501 2274247 2
samples handball1 8 sat 32.505764 31933 49 549 416083 3455028 2
samples handball1 8 sat 30.884869 29884 38 609 378534 3225165 2
samples handball1 8 sat 31.28698 30449 94 493 409674 3270821 2
samples handball1 8 sat 36.03668 35218 52 783 484461 3792939 2
samples handball1 8 sat 28.57238 27949 74 511 387199 3074841 2
samples handball1 8 sat 29.556402 28842 39 656 386026 3092433 2
samples handball1 8 sat 32.52196 31663 41 827 438825 3443347 2
samples handball1 8 sat 29.96594 28965 26 549 414551 3209696 2
samples handball1 8 sat 31.508131 30829 47 653 399665 3365267 2
samples handball1 8 sat 32.44209 31399 64 583 422461 3435955 2
samples handball1 16 sat 22.608316 21384 129 1034 269405 4332829 2
samples handball1 16 sat 24.083378 23060 43 961 282222 4603197 2
samples handball1 16 sat 21.494616 20364 71 643 249548 3897434 2
samples handball1 16 sat 23.455063 21911 46 1100 298571 4684221 2
samples handball1 16 sat 22.73347 21756 78 744 283585 4324713 2
samples handball1 16 sat 23.066788 21620 280 1191 255331 4153320 2
samples handball1 16 sat 20.581282 19727 64 787 261144 4116637 2
samples handball1 16 sat 23.360039 22274 43 742 295848 4454925 2
samples handball1 16 sat 21.576723 20493 37 1037 248112 4059464 2
samples handball1 16 sat 22.771399 21576 92 882 267049 4183980 2
samples handball1 32 sat 19.27318 17196 100 1810 196260 6270481 2
samples handball1 32 sat 17.557674 15936 55 1611 181817 6022599 2
samples handball1 32 sat 18.27849 16510 94 1518 178128 5989126 2
samples handball1 32 sat 19.546034 17668 69 1861 204054 6573251 2
samples handball1 32 sat 18.07739 15956 553 1601 181014 6076245 2
samples handball1 32 sat 20.073702 17868 542 1690 206154 6933049 2
samples handball1 32 sat 17.53165 15971 122 1496 191306 5746842 2
samples handball1 32 sat 17.213297 15530 161 1416 170657 5766625 2
samples handball1 32 sat 17.160784 15586 75 1453 192245 6054506 2
samples handball1 32 sat 19.067513 17550 56 1522 195095 6185028 2
