samples pigeonsPlus-11-03 1 unsat 201.9088 176835 8 24866 6195950 6195950
samples pigeonsPlus-11-03 1 unsat 204.86691 178430 11 26359 6220836 6220836
samples pigeonsPlus-11-03 1 unsat 204.26982 179070 9 25138 6210754 6210754
samples pigeonsPlus-11-03 1 unsat 194.59409 170881 6 23637 6215175 6215175
samples pigeonsPlus-11-03 1 unsat 198.59917 174068 6 24484 6196486 6196486
samples pigeonsPlus-11-03 1 unsat 208.62085 182971 10 25555 6252470 6252470
samples pigeonsPlus-11-03 1 unsat 208.66652 182486 10 26126 6226601 6226601
samples pigeonsPlus-11-03 1 unsat 198.24171 173638 8 24468 6230446 6230446
samples pigeonsPlus-11-03 1 unsat 198.60263 174598 10 23924 6194350 6194350
samples pigeonsPlus-11-03 1 unsat 210.3086 183358 10 26653 6245495 6245495
samples pigeonsPlus-11-03 2 timeout 144.64108 99299 8534 36722 3175956 6352807
samples pigeonsPlus-11-03 2 timeout 174.06256 121513 7306 45242 3232075 6464475
samples pigeonsPlus-11-03 2 timeout 162.69095 116373 5288 41008 3218031 6436080
samples pigeonsPlus-11-03 2 timeout 162.60133 115069 5625 41902 3233892 6467696
samples pigeonsPlus-11-03 2 timeout 154.47533 107833 7626 39017 3223126 6446263
samples pigeonsPlus-11-03 2 timeout 148.9229 106735 4478 37710 3208997 6417968
samples pigeonsPlus-11-03 2 timeout 174.75264 123158 6467 45127 3242409 6484818
samples pigeonsPlus-11-03 2 timeout 166.76283 113084 10932 42723 3236861 6473675
samples pigeonsPlus-11-03 2 timeout 153.24097 110614 4334 38286 3221280 6442442
samples pigeonsPlus-11-03 2 timeout 160.29057 114654 4677 40960 3226179 6452277
samples pigeonsPlus-11-03 4 timeout 131.97005 70785 7867 53251 1671366 6684915
samples pigeonsPlus-11-03 4 timeout 138.1164 70984 10947 56186 1669902 6679597
samples pigeonsPlus-11-03 4 timeout 125.20338 67517 7701 49941 1663886 6668921
samples pigeonsPlus-11-03 4 timeout 133.80743 70181 8783 54825 1671449 6685992
samples pigeonsPlus-11-03 4 timeout 130.6404 70160 7792 52662 1676230 6704646
samples pigeonsPlus-11-03 4 timeout 134.96077 72471 7354 55102 1675866 6702944
samples pigeonsPlus-11-03 4 timeout 107.12863 59867 5770 41449 1651030 6613918
samples pigeonsPlus-11-03 4 timeout 124.73398 66051 9847 48823 1673493 6693804
samples pigeonsPlus-11-03 4 timeout 119.14874 63985 7998 47165 1664841 6660260
samples pigeonsPlus-11-03 4 timeout 129.0603 66873 9810 52346 1670848 6683374
samples pigeonsPlus-11-03 8 timeout 132.44414 47157 11100 74002 874412 6993920
samples pigeonsPlus-11-03 8 timeout 125.39653 44976 9128 71074 872522 6978923
samples pigeonsPlus-11-03 8 timeout 122.249344 44545 9202 68480 872677 6980784
samples pigeonsPlus-11-03 8 timeout 126.60467 45710 8424 72459 867646 6940567
samples pigeonsPlus-11-03 8 timeout 118.276535 43683 9330 65252 867472 6939421
samples pigeonsPlus-11-03 8 timeout 126.25768 45952 9594 70686 871555 6971285
samples pigeonsPlus-11-03 8 timeout 125.31057 45719 9626 69850 873908 6990240
samples pigeonsPlus-11-03 8 timeout 123.98574 46068 9316 68336 870525 6960893
samples pigeonsPlus-11-03 8 timeout 127.66314 46383 9813 71470 875101 6997640
samples pigeonsPlus-11-03 8 timeout 122.70662 43967 9650 69055 869215 6956636
samples pigeonsPlus-11-03 16 timeout 122.933266 29150 7115 86670 451186 7223870
samples pigeonsPlus-11-03 16 timeout 134.94415 30622 7740 96414 455659 7285710
samples pigeonsPlus-11-03 16 timeout 127.8451 29702 7661 90459 454274 7266564
samples pigeonsPlus-11-03 16 timeout 122.92504 29932 6746 86246 454498 7276188
samples pigeonsPlus-11-03 16 timeout 129.9224 29845 7696 92372 459391 7348742
samples pigeonsPlus-11-03 16 timeout 110.9777 28452 6010 76462 453449 7266277
samples pigeonsPlus-11-03 16 timeout 127.80902 30215 7152 90443 454954 7279869
samples pigeonsPlus-11-03 16 timeout 122.319374 30315 7104 84902 454087 7267143
samples pigeonsPlus-11-03 16 timeout 131.33836 30472 7445 93423 461330 7395306
samples pigeonsPlus-11-03 16 timeout 127.3142 29925 7174 90218 454281 7268565
samples pigeonsPlus-11-03 32 timeout 155.12682 18546 5649 130905 235701 7538925
samples pigeonsPlus-11-03 32 timeout 139.38812 16524 6047 116812 231925 7422664
samples pigeonsPlus-11-03 32 timeout 161.68555 18046 6802 136841 235367 7532072
samples pigeonsPlus-11-03 32 timeout 144.00946 17063 6350 120599 232396 7436884
samples pigeonsPlus-11-03 32 timeout 132.64076 16781 6154 109706 232259 7431826
samples pigeonsPlus-11-03 32 timeout 126.264275 15366 6048 104845 232257 7432265
samples pigeonsPlus-11-03 32 timeout 149.03844 16863 6504 125675 233329 7466610
samples pigeonsPlus-11-03 32 timeout 148.8169 17354 6294 125171 233849 7482832
samples pigeonsPlus-11-03 32 timeout 131.62851 16459 5742 109429 233229 7462954
samples pigeonsPlus-11-03 32 timeout 129.53053 16033 5576 107925 232230 7431275
