samples pigeonsPlus-11-03 1 unsat 119.5335 102573 8 16951 6864341 6864341
samples pigeonsPlus-11-03 1 unsat 117.11293 100179 6 16839 6680624 6680624
samples pigeonsPlus-11-03 1 unsat 123.47472 105076 7 18361 6835522 6835522
samples pigeonsPlus-11-03 1 unsat 119.26687 102757 6 16491 6918123 6918123
samples pigeonsPlus-11-03 1 unsat 119.8701 102813 6 17029 6970981 6970981
samples pigeonsPlus-11-03 1 unsat 118.51541 101735 6 16771 6919943 6919943
samples pigeonsPlus-11-03 1 unsat 114.20657 98116 8 15891 6690815 6690815
samples pigeonsPlus-11-03 1 unsat 113.14303 97435 5 15575 6754050 6754050
samples pigeonsPlus-11-03 1 unsat 118.11227 101555 7 16539 6882141 6882141
samples pigeonsPlus-11-03 1 unsat 116.400154 100417 6 15933 6928769 6928769
samples pigeonsPlus-11-03 2 timeout 98.323135 68749 3951 25535 3600212 7199125
samples pigeonsPlus-11-03 2 timeout 98.375984 66608 6573 25165 3500062 7000033
samples pigeonsPlus-11-03 2 timeout 98.560555 69784 3863 24889 3642260 7284638
samples pigeonsPlus-11-03 2 timeout 96.25562 67697 3835 24498 3548759 7091227
samples pigeonsPlus-11-03 2 timeout 100.6562 67489 6701 26368 3588472 7175559
samples pigeonsPlus-11-03 2 timeout 91.84532 63825 4340 23393 3553895 7101955
samples pigeonsPlus-11-03 2 timeout 91.48139 64512 3323 23632 3531126 7061700
samples pigeonsPlus-11-03 2 timeout 93.9311 65247 3984 24287 3626761 7257354
samples pigeonsPlus-11-03 2 timeout 85.56702 58747 5076 21714 3580944 7156691
samples pigeonsPlus-11-03 2 timeout 99.53358 68557 3778 27200 3472229 6945276
samples pigeonsPlus-11-03 4 timeout 63.756523 34786 4302 24661 1825243 7301103
samples pigeonsPlus-11-03 4 timeout 67.90178 36171 4716 26948 1821410 7283530
samples pigeonsPlus-11-03 4 timeout 62.69718 33859 4608 24222 1825326 7301362
samples pigeonsPlus-11-03 4 timeout 66.85516 34423 6308 26122 1833985 7336329
samples pigeonsPlus-11-03 4 timeout 70.31222 38869 4276 27135 1827270 7309292
samples pigeonsPlus-11-03 4 timeout 63.28888 33976 4719 24593 1825958 7303922
samples pigeonsPlus-11-03 4 timeout 60.37265 32738 5204 22368 1864693 7458892
samples pigeonsPlus-11-03 4 timeout 62.841297 33299 5619 23906 1862637 7450904
samples pigeonsPlus-11-03 4 timeout 62.746128 34024 4314 24408 1812728 7250885
samples pigeonsPlus-11-03 4 timeout 70.30438 37283 5067 27777 1870695 7477857
samples pigeonsPlus-11-03 8 timeout 60.08275 22828 5538 31720 981625 7843420
samples pigeonsPlus-11-03 8 timeout 61.101143 25131 3667 32291 981328 7843446
samples pigeonsPlus-11-03 8 timeout 67.12144 26118 5341 35664 992027 7963579
samples pigeonsPlus-11-03 8 timeout 64.300476 23122 5998 35002 989439 7894489
samples pigeonsPlus-11-03 8 timeout 61.837475 22559 5725 33284 976498 7803150
samples pigeonsPlus-11-03 8 timeout 67.1465 25676 5576 35811 990575 7920058
samples pigeonsPlus-11-03 8 timeout 63.19632 23911 5222 33936 988569 7909771
samples pigeonsPlus-11-03 8 timeout 62.43949 23556 5116 33528 973767 7787034
samples pigeonsPlus-11-03 8 timeout 62.785885 23832 5402 33334 977137 7816233
samples pigeonsPlus-11-03 8 timeout 67.34439 23889 7054 36154 993388 7936211
samples pigeonsPlus-11-03 16 timeout 55.442562 15067 4564 35815 517855 8286087
samples pigeonsPlus-11-03 16 timeout 56.721313 15717 4202 36792 520897 8334290
samples pigeonsPlus-11-03 16 timeout 59.285908 15818 4793 38653 526949 8429820
samples pigeonsPlus-11-03 16 timeout 56.95092 15266 4882 36804 522986 8367943
samples pigeonsPlus-11-03 16 timeout 56.73514 15551 4869 36308 522684 8363933
samples pigeonsPlus-11-03 16 timeout 56.352863 15277 4397 36639 523871 8382514
samples pigeonsPlus-11-03 16 timeout 58.122208 15741 4506 37860 528658 8452299
samples pigeonsPlus-11-03 16 timeout 54.796722 15431 4229 35138 520428 8326964
samples pigeonsPlus-11-03 16 timeout 55.695107 15386 3898 36411 515951 8255275
samples pigeonsPlus-11-03 16 timeout 57.649555 15138 4183 38331 530009 8480643
samples pigeonsPlus-11-03 32 timeout 71.737686 10666 4142 56932 272284 8713508
samples pigeonsPlus-11-03 32 timeout 61.750877 9714 4314 47708 269850 8628930
samples pigeonsPlus-11-03 32 timeout 69.02661 10443 4027 54559 269239 8616379
samples pigeonsPlus-11-03 32 timeout 67.574165 10905 3778 52887 269470 8621584
samples pigeonsPlus-11-03 32 timeout 70.09773 10692 3789 55619 272283 8712476
samples pigeonsPlus-11-03 32 timeout 67.75562 10436 3909 53399 268787 8597513
samples pigeonsPlus-11-03 32 timeout 69.353836 10791 3774 54792 268243 8583520
samples pigeonsPlus-11-03 32 timeout 66.06818 9888 4023 52159 269283 8616356
samples pigeonsPlus-11-03 32 timeout 68.70346 10318 4154 54211 267218 8549826
samples pigeonsPlus-11-03 32 timeout 64.764114 10383 4163 50219 267745 8568355
