city-position city-5-05 16 sat 42.4909 9977 73 32016 205885 3415367 2850
city-position city-5-06 16 sat 67.277435 15398 132 51751 312740 5001817 3493
city-position city-5-08 16 sat 227.73601 35900 483 191233 592414 9272336 4500
city-position city-7-04 16 timeout 1000.00946 30245 1693 968077 426415 6394315 28478
city-position city-8-06 16 sat 1027.6488 17877 1511 1008268 298194 4355828 1367395
community-detection dolphin.s62.k3 16 sat 1000.00055 638646 2284 358874 7893508 122838789 47
community-detection mexican.s26.k4 16 timeout 1000.535 359682 2737 638141 8674225 136489798 48
community-detection Sampson.s10.k3 16 sat 11.703022 10944 21 606 605376 9327114 8
community-detection Strike.s2.k8 16 sat 813.81824 240456 1681 571683 7821456 119778613 73
community-detection Strike.s6.k5 16 timeout 1000.6256 302350 1499 696789 9625852 150712288 65
concert-hall-cap concert-cap.mznc2018.02 16 sat 25.681162 24239 29 1258 674879 10193675 48278
concert-hall-cap concert-cap.mznc2018.03 16 sat 1000.00055 521764 2072 476058 10321029 165613034 28774
concert-hall-cap concert-cap.mznc2018.06 16 sat 1000.3456 336296 2174 661882 5905953 91334679 30607
concert-hall-cap concert-cap.mznc2018.148 16 sat 192.36113 140755 345 51172 6749168 109253963 38112
concert-hall-cap concert-cap.mznc2018.318 16 sat 879.37476 507871 3089 368403 10230358 160854563 47275
elitserien handball15 16 sat 18.69027 17860 45 654 111130 1724645 6
elitserien handball16 16 sat 43.552574 41393 85 2115 567082 8851156 4
elitserien handball18 16 sat 11.090319 10542 65 453 101083 1568040 4
elitserien handball1 16 sat 23.355738 21924 52 1088 281634 4387898 2
elitserien handball6 16 sat 18.141426 17430 43 599 197811 3198925 4
gbac reduced_UD4-gbac 16 sat 1000.8816 150823 1848 848221 1403338 22386036 3404
gbac UD2-gbac 16 sat 1000.7006 22756 2084 975876 327902 5219928 9513
gbac UD4-gbac 16 sat 1000.0007 57092 1862 940754 616335 10418997 7462
gbac UD5-gbac 16 sat 1004.76166 62088 2878 939816 659577 10108923 15858
gbac UD8-gbac 16 sat 1005.51105 43886 1911 959726 1393154 22307177 9149
gfd-schedule n100f7d50m20k10 16 sat 1002.25214 77729 6425 918218 435294 7147968 3614
gfd-schedule n200f5d50m40k6 16 sat 1007.063 67991 7617 931654 83372 1099592 6214
gfd-schedule n65f2d50m20k10 16 sat 1001.4929 97973 1885 901679 1711317 27071434 618
gfd-schedule n80f7d30m7k7 16 timeout 1000.4329 121183 3501 875834 507981 8120539 35381
gfd-schedule n90f5d40m30k6 16 sat 1000.0859 113386 5152 881609 507497 8135687 412
groupsplitter u12g1pref0 16 sat 3.993231 3268 362 45 67 1104 207
groupsplitter u12g1pref1 16 sat 4.4583387 3655 401 37 86 1317 216
groupsplitter u15g3pref2 16 sat 1000.33026 370481 68810 561051 64899 1048892 225
groupsplitter u5g1pref0 16 sat 0.932705 554 0 4 36 764 -181
groupsplitter u6g3pref0 16 sat 16.302893 12138 672 3225 1833 31092 167
hrc exp1-1-5145 16 timeout 1000.2681 655104 2706 342504 6695315 104393857 3
hrc exp1-1-5670 16 sat 34.862648 33069 40 1450 145361 2338652 2
hrc exp1-1-945 16 sat 287.25565 253898 526 32739 1680423 27327617 11
hrc exp2-1-4795 16 timeout 1000.0006 528558 16615 454846 5247650 87680586 101
hrc exp2-1-5180 16 timeout 1000.73773 384016 3615 613239 3060294 47261630 101
largescheduling instance-0100-4 16 sat 1258.4662 5647 1896 1250919 5634 120420 225473
largescheduling instance-0400-4 16 sat 1008.57684 22316 6164 980091 10582 186127 792512
largescheduling instance-0800-4 16 timeout 1000.2527 455157 10616 534476 98223 1555297 8084996
largescheduling instance-1600-4 16 timeout 1000.16144 694004 7763 298435 114187 1806767 16165505
largescheduling instance-3200-4 16 timeout 1000.12384 827858 41400 130933 80255 1241484 32125391
ma-path-finding g16_p10_a10 16 timeout 1018.05273 51634 6782 960316 22635 359290 192
ma-path-finding g16_p10_a20 16 timeout 1007.15814 76414 11305 920054 28453 418164 481
ma-path-finding g16_p20_a20 16 timeout 1003.71985 91947 13120 899294 34395 568247 481
ma-path-finding g24_p10_a05 16 timeout 1002.5539 163445 18857 821099 28788 479102 196
mapping full2x2_mp3 16 timeout 1000.2273 116515 2244 881480 8351362 138043352 1100
mapping mesh3x3_mp3_2 16 sat 0.87021816 524 1 267 1698 20374 936
mapping mesh3x3_mpeg 16 sat 1099.1394 11188 2686 1085284 17119 317691 788
mapping mesh_star_2 16 sat 1000.00183 9192 2684 988137 10830 243184 1120
mapping ring_mp3 16 sat 1000.5805 83132 1848 915627 2778500 43738774 1212
mario mario_medium_1 16 sat 844.20386 209700 1265 633174 2723300 43252651 1471
mario mario_medium_3 16 timeout 1001.0925 197970 1343 801783 2583216 41514550 1258
mario mario_medium_4 16 sat 1000.1441 177230 1378 821540 2278939 36780499 1004
mario mario_medium_5 16 sat 97.58303 63154 125 34310 855105 13608221 1035
mario mario_n_medium_1 16 sat 34.885513 32417 70 2084 538801 8536128 1062
neighbours neighbours1 16 sat 67.451614 59536 108 7526 1904188 30821857 63
neighbours neighbours3 16 timeout 1000.45184 225688 2464 772313 13325565 217706458 71
neighbours neighbours5 16 timeout 1000.23145 170857 3722 825678 10706484 168426468 55
neighbours neighbours7 16 sat 1000.0008 259767 2158 737951 8543071 137439103 93
neighbours neighbours9 16 sat 1000.2305 191134 2268 806845 9594914 169963461 92
on-call-rostering 10s-100d-C 16 sat 1000.7847 194302 1820 804675 6415897 101437973 49
on-call-rostering 20s-100d-B 16 sat 1000.00073 141031 3620 855298 1587686 25606664 55
on-call-rostering 2s-200d 16 timeout 1000.4723 439445 5063 555990 9743056 155068717 68
on-call-rostering 30s-400d-A 16 sat 1014.79694 56894 4973 952963 151872 2325496 359
on-call-rostering 4s-100d 16 sat 1000.0515 127582 1676 870808 2609787 42176860 61
opd flener_et_al_15_350_100 16 sat 1000.1896 102744 101462 796094 413814 14409169 53
opd medium_13_250_80 16 sat 1000.01184 164656 7104 828434 1269858 19325947 40
opd small_bibd_06_50_25 16 sat 11.63332 10275 13 1269 544832 8826255 11
opd small_bibd_06_60_30 16 sat 34.69421 29617 67 4939 1593196 26104704 13
opd small_bibd_08_28_14 16 sat 3.886363 2727 14 825 119311 1959653 7
opt-cryptanalysis2017 r11 16 sat 1000.4542 341822 1848 656790 1544350 24182107 50
opt-cryptanalysis2017 r15 16 timeout 1000.1049 332038 2230 665843 1090298 16743096 65
opt-cryptanalysis2017 r5 16 sat 155.90277 134618 200 20847 2554647 39013738 20
opt-cryptanalysis2017 r7 16 sat 1000.0042 444972 1903 553134 2434860 38057765 28
opt-cryptanalysis2017 r9 16 sat 1000.0008 387426 1929 610213 1579520 26567310 36
opt-cryptanalysis2018 r10 16 sat 1000.14453 329244 1735 669171 1703632 27027180 44
opt-cryptanalysis2018 r12 16 sat 1000.3707 335202 2086 663087 1473635 23805334 56
opt-cryptanalysis2018 r14 16 timeout 1000.07587 333419 3371 663290 1220250 19252933 64
opt-cryptanalysis2018 r6 16 timeout 1000.37213 575986 1663 422729 6354143 100837974 24
opt-cryptanalysis2018 r8 16 sat 1000.07495 416398 2123 581557 1931607 30040516 32
racp j30_13_6_1.25 16 sat 1000.2427 257793 1687 740803 1115983 18060865 460
racp j30_14_7_1.25 16 sat 1000.81305 268285 1978 730584 1182103 18470240 544
racp j30_26_2_1.0 16 sat 15.76745 14253 18 1281 88694 1455397 704
racp j60_14_7_1.25 16 sat 1002.27167 168143 2516 831714 307957 4925798 935
racp j60_29_10_1.0 16 sat 1000.92914 169686 2079 829265 424293 6829024 1293
rel2onto 3_9 16 sat 39.283005 35194 75 3839 40382 649207 70802
rel2onto 5_17 16 sat 166.15245 161796 331 3931 239363 3800739 152691
rel2onto 5_28 16 sat 719.055 673495 1959 43639 821601 12952932 167732
rel2onto 5_5 16 sat 393.06345 375273 2481 15336 381172 6107768 161783
rel2onto 5_6 16 sat 294.8127 281939 487 12136 358313 5674044 149034
road-cons road_17 16 timeout 1000.0018 758148 115114 126702 70282 1133626 136000001
road-cons road_18 16 sat 1000.011 795906 77693 126324 136061 2169017 20035608
road-cons road_25 16 timeout 1000.09906 938713 27861 34450 303286 4922314 300000001
road-cons road_26 16 timeout 1000.24146 600258 358819 42067 196601 4013535 325000001
rspsp-wet j30_1_3-wet 16 sat 13.540854 13072 23 451 155918 2517652 93
rspsp-wet j30_43_10-wet 16 sat 804.1058 686080 1281 116718 2902394 45710675 121
rspsp-wet j60_19_6-wet 16 timeout 1001.43896 273685 1804 725956 1117399 18172629 284
rspsp-wet j60_28_3-wet 16 sat 1000.3408 286061 1567 712723 708384 11034479 289
rspsp-wet j90_48_4-wet 16 sat 1000.313 176930 2329 821060 370883 5795593 733
seat-moving sm-10-12-00 16 timeout 1000.0846 192430 2123 805569 1979189 31338371 463
seat-moving sm-10-20-05 16 sat 1000.57355 158555 1664 840370 1639477 25900341 135
seat-moving sm-15-12-00 16 timeout 1013.54395 23491 1780 988318 132630 2093670 1651
seat-moving sm-15-20-00 16 sat 1001.78015 74071 1877 925855 533165 8557398 205
seat-moving sm-20-20-00 16 sat 1002.7345 28954 1638 972160 189482 2863560 278
steelmillslab bench_13_0 16 sat 1009.939 40079 4408 965619 49320 935425 28
steelmillslab bench_14_1 16 sat 1019.59564 41596 3914 974264 40066 799888 37
steelmillslab bench_15_11 16 sat 1006.03815 35200 2905 968188 46987 677430 29
steelmillslab bench_16_10 16 sat 1051.5391 23772 6615 1021264 18405 409059 3
steelmillslab bench_19_5 16 timeout 1012.1871 45205 4938 962232 43048 779655 21
steiner-tree es10fst03.stp 16 sat 1.2046995 905 1 121 16588 244569 23936808
steiner-tree es10fst10.stp 16 sat 2.7685924 2402 8 111 35811 545297 20280160
steiner-tree es20fst08.stp 16 timeout 1001.5862 215494 3052 783091 582295 9302808 80304156
steiner-tree es20fst09.stp 16 timeout 1000.4095 368688 4020 627736 1955825 31263045 52917462
steiner-tree es20fst14.stp 16 timeout 1000.29974 629317 2905 368110 2799064 44128545 30344859
tc-graph-color k10_31 16 sat 23.565115 21414 51 2106 1164016 18490653 427
tc-graph-color k10_34 16 sat 3.7651515 3289 27 244 104639 1655724 433
tc-graph-color k2_42 16 timeout 1000.27295 181231 4550 814509 12793216 208940350 231
tc-graph-color k5_05 16 sat 7.308205 6454 11 576 375667 5624772 273
tc-graph-color k9_39 16 sat 1000.0007 273478 5658 720883 10665230 179653360 483
tdtsp inst_10_35_20 16 sat 3.9211822 3269 3 325 22112 358654 9055
tdtsp inst_10_42_00 16 sat 499.38907 187195 813 311348 1521240 23436493 8421
tdtsp inst_10_58_20 16 sat 3.3271039 2610 9 397 7991 142214 10306
tdtsp inst_20_26_00 16 sat 1000.0336 327896 6430 665712 179494 2974843 17049
tdtsp inst_20_36_10 16 sat 1001.44135 325854 8745 666831 195755 2724013 15197
team-assignment data1_6_24 16 sat 1003.65686 49373 1548 952745 773965 12242360 14152
team-assignment data2_4_15 16 sat 1000.25336 108327 1574 890358 3729726 60939249 6715
team-assignment data2_5_6 16 timeout 1000.4185 377682 1263 621476 8848609 142064533 963
team-assignment data2_6_12 16 sat 1001.75464 128500 1715 871543 2302283 37244342 9757
team-assignment data3_6_28 16 sat 1001.35754 55164 1870 944331 783999 12371909 13080
train instance.10 16 sat 1001.80066 27703 1874 972230 315916 4864837 82140
train instance.16 16 timeout 1000.00793 24095 1909 974018 240569 3905903 96315
train instance.17 16 sat 1006.53015 17765 1526 987245 672940 9683927 40230
train instance.4 16 sat 1007.8131 80319 1948 925555 1368578 22462358 76870
train instance.5 16 sat 1003.39856 73823 1572 928014 906316 14373450 80030
traveling-tppv circ14anonbal 16 sat 1001.03815 176708 2073 822293 551019 8707249 466
traveling-tppv circ20hnonbal 16 timeout 1000.00073 206401 3072 790425 330104 5362740 4001
traveling-tppv circ20inonbal 16 sat 1001.5083 116327 3423 881844 257572 3836370 1326
traveling-tppv circ8abal 16 sat 138.01826 130852 220 6971 651200 10545843 82
traveling-tppv circ8dbal 16 sat 124.58321 119050 252 5293 624270 9928030 80
triangular n10 16 sat 68.29528 48161 304 19841 5803204 105616493 20
triangular n16 16 sat 1000.6727 141037 5022 854636 11913524 190874070 37
triangular n22 16 timeout 1000.8033 171125 4854 824900 9832017 147748959 52
triangular n28 16 sat 1000.09467 101660 92789 805713 3724265 107670489 68
triangular n37 16 sat 1000.0078 98322 162701 739261 1085796 49683609 93
vrplc vrplc11_5_15_s3 16 sat 1000.30334 250540 2400 747373 417691 7311736 388
vrplc vrplc13_11_15_s3 16 timeout 1000.02747 226404 2629 771008 405129 6556039 1309
vrplc vrplc9_5_10_s1 16 sat 380.58527 318558 614 61425 1159866 18704678 351
vrplc vrplc9_5_10_s3 16 sat 546.61383 435621 1006 109993 1680655 27363762 329
vrplc vrplc9_5_15_s3 16 sat 1000.28876 206245 2367 791694 441350 6943398 487
