cargo2017 challenge01_0s_1913 1 timeout 1074.8037 7453 4 1067347 122582 122582 74597
cargo2017 challenge01_0s_1913 1 timeout 1097.3804 7575 4 1089804 165248 165248 74597
city-position city-5-05 1 sat 29.793474 29156 2 347 1359188 1359188 2850
city-position city-5-06 1 sat 81.68764 78895 4 2612 3188875 3188875 3493
city-position city-5-08 1 sat 188.13618 180302 4 7714 5573907 5573907 4500
city-position city-7-04 1 timeout 1000.1298 596112 11 404009 12491357 12491357 32661
city-position city-8-06 1 timeout 1000.53577 343269 8 657261 9148605 9148605 1460031
community-detection dolphin.s62.k3 1 timeout 1000.01514 979806 9 20205 20828955 20828955 -1
community-detection mexican.s26.k4 1 timeout 1000.0299 965040 11 34984 40040010 40040010 48
community-detection Sampson.s10.k3 1 sat 88.390976 87163 2 842 6145490 6145490 8
community-detection Strike.s2.k8 1 timeout 1000.068 953301 11 46759 49636051 49636051 73
community-detection Strike.s6.k5 1 timeout 1000.05133 942427 9 57622 69578749 69578749 65
concert-hall-cap concert-cap.mznc2018.02 1 sat 153.61157 152793 7 707 6888933 6888933 48278
concert-hall-cap concert-cap.mznc2018.03 1 timeout 1000.0444 978135 18 21892 28839811 28839811 27760
concert-hall-cap concert-cap.mznc2018.06 1 timeout 1000.0246 973304 16 26706 31608026 31608026 30607
concert-hall-cap concert-cap.mznc2018.148 1 sat 646.0626 620674 11 25348 48731173 48731173 38112
concert-hall-cap concert-cap.mznc2018.318 1 timeout 1000.0212 977233 19 22772 31388143 31388143 47275
elitserien handball15 1 sat 94.98981 94380 2 125 663183 663183 6
elitserien handball16 1 sat 236.04797 234816 3 1190 3935900 3935900 4
elitserien handball18 1 sat 40.96948 40467 1 39 388853 388853 4
elitserien handball1 1 sat 128.55359 128111 2 394 2057103 2057103 2
elitserien handball6 1 sat 86.029686 85808 2 198 1246945 1246945 4
gbac reduced_UD4-gbac 1 timeout 1000.04065 957461 7 42576 12714562 12714562 3265
gbac UD2-gbac 1 timeout 1000.7981 308343 8 692450 7449829 7449829 9673
gbac UD4-gbac 1 timeout 1000.29926 757117 7 243180 14501539 14501539 7249
gbac UD5-gbac 1 timeout 1000.1855 785352 8 214828 13467804 13467804 17367
gbac UD8-gbac 1 timeout 1000.2532 521217 8 479033 20791597 20791597 8871
gfd-schedule n100f7d50m20k10 1 timeout 1000.14813 791201 8 208951 8614071 8614071 3616
gfd-schedule n200f5d50m40k6 1 timeout 1000.123 670783 11 329370 1304876 1304876 6116
gfd-schedule n65f2d50m20k10 1 timeout 1000.1274 887408 10 112716 25600570 25600570 618
gfd-schedule n80f7d30m7k7 1 timeout 1000.30707 912282 7 88025 13220388 13220388 35381
gfd-schedule n90f5d40m30k6 1 timeout 1000.1016 909952 7 90152 8999259 8999259 315
groupsplitter u12g1pref0 1 sat 7.434402 7027 0 4 229 229 207
groupsplitter u12g1pref1 1 sat 10.529044 10500 0 5 411 411 216
groupsplitter u15g3pref2 1 timeout 1000.04926 950738 11 49301 298051 298051 216
groupsplitter u5g1pref0 1 sat 0.848614 508 0 1 88 88 76
groupsplitter u6g3pref0 1 sat 30.664604 30442 1 72 7163 7163 167
hrc exp1-1-5145 1 timeout 1000.01324 983849 10 16164 16995243 16995243 3
hrc exp1-1-5670 1 sat 187.69067 187147 2 361 924933 924933 2
hrc exp1-1-945 1 timeout 1000.0007 991406 6 8104 7712518 7712518 11
hrc exp2-1-4795 1 timeout 1000.0115 986457 8 13558 11925207 11925207 101
hrc exp2-1-5180 1 timeout 1000.0195 983738 9 16287 12143695 12143695 101
largescheduling instance-0100-4 1 timeout 1028.3218 16568 3 1011752 129812 129812 226226
largescheduling instance-0400-4 1 timeout 1009.42194 21321 3 988093 90060 90060 790342
largescheduling instance-0800-4 1 timeout 1000.1397 881882 16 118233 445698 445698 8084996
largescheduling instance-1600-4 1 timeout 1000.06775 960628 15 39411 317349 317349 16165505
largescheduling instance-3200-4 1 timeout 1000.02423 990413 12 9592 170872 170872 32125391
ma-path-finding g16_p10_a10 1 timeout 1001.0165 425054 16 576113 406549 406549 189
ma-path-finding g16_p10_a20 1 timeout 1001.356 228267 10 773396 249528 249528 394
ma-path-finding g16_p20_a20 1 timeout 1000.2551 347963 12 652539 454721 454721 420
ma-path-finding g24_p10_a05 1 timeout 1000.42236 793221 16 207555 203899 203899 88
mapping full2x2_mp3 1 timeout 1000.088 880609 10 119472 114137552 114137552 1100
mapping mesh3x3_mp3_2 1 sat 0.28307414 0 0 0 1010 1010 2147483647
mapping mesh3x3_mpeg 1 timeout 1002.6947 101784 4 900912 426816 426816 788
mapping mesh_star_2 1 timeout 1000.23413 83745 3 916490 295453 295453 1120
mapping ring_mp3 1 timeout 1000.1123 867663 12 132441 43566301 43566301 1212
mario mario_medium_1 1 timeout 1000.0292 970086 13 29932 20060525 20060525 1292
mario mario_medium_3 1 timeout 1000.03577 965340 10 34687 20250336 20250336 1239
mario mario_medium_4 1 timeout 1000.0421 959500 8 40536 20779395 20779395 1004
mario mario_medium_5 1 sat 401.78152 396020 4 5486 7577250 7577250 1035
mario mario_n_medium_1 1 sat 163.02016 162187 3 815 3500243 3500243 1062
neighbours neighbours1 1 sat 331.79025 327331 3 4177 15001662 15001662 63
neighbours neighbours3 1 timeout 1000.05835 930058 11 69992 87511322 87511322 71
neighbours neighbours5 1 timeout 1000.1637 909243 9 90922 93274768 93274768 55
neighbours neighbours7 1 timeout 1000.03595 955105 8 44929 47338947 47338947 89
neighbours neighbours9 1 timeout 1000.06305 923027 7 77033 91554198 91554198 91
on-call-rostering 10s-100d-C 1 timeout 1000.04126 949820 8 50217 45725689 45725689 49
on-call-rostering 20s-100d-B 1 timeout 1000.0537 949534 8 50512 15231722 15231722 47
on-call-rostering 2s-200d 1 timeout 1000.0221 971159 10 28858 31212025 31212025 69
on-call-rostering 30s-400d-A 1 timeout 1000.9765 477488 12 523464 3951354 3951354 360
on-call-rostering 4s-100d 1 timeout 1000.0653 917628 12 82428 37102524 37102524 62
opd flener_et_al_15_350_100 1 timeout 1000.09186 943373 17 56715 9516013 9516013 58
opd medium_13_250_80 1 timeout 1000.0373 949691 15 50343 11242818 11242818 44
opd small_bibd_06_50_25 1 sat 167.31906 164985 3 2023 11861373 11861373 11
opd small_bibd_06_60_30 1 sat 339.03552 332035 4 6980 22345034 22345034 13
opd small_bibd_08_28_14 1 sat 69.40699 68462 2 546 4369747 4369747 7
opt-cryptanalysis2017 r11 1 timeout 1000.01636 986143 5 13869 7458670 7458670 50
opt-cryptanalysis2017 r15 1 timeout 1000.00684 989576 5 10427 4948246 4948246 65
opt-cryptanalysis2017 r5 1 timeout 1000.02576 978148 7 21872 24157576 24157576 20
opt-cryptanalysis2017 r7 1 timeout 1000.0084 988733 5 11272 8633280 8633280 28
opt-cryptanalysis2017 r9 1 timeout 1000.0068 989516 5 10486 6658587 6658587 36
opt-cryptanalysis2018 r10 1 timeout 1000.0088 985889 5 14116 7859543 7859543 45
opt-cryptanalysis2018 r12 1 timeout 1000.0107 987556 5 12452 6560099 6560099 56
opt-cryptanalysis2018 r14 1 timeout 1000.01 987484 5 12525 5817050 5817050 64
opt-cryptanalysis2018 r6 1 timeout 1000.01434 983950 6 16061 15365782 15365782 24
opt-cryptanalysis2018 r8 1 timeout 1000.0138 990024 5 9987 7484552 7484552 32
racp j30_13_6_1.25 1 timeout 1000.0106 985787 5 14223 6124248 6124248 568
racp j30_14_7_1.25 1 timeout 1000.00793 986201 5 13806 6357508 6357508 725
racp j30_26_2_1.0 1 sat 86.76516 86351 2 155 627771 627771 704
racp j60_14_7_1.25 1 timeout 1000.05475 975900 5 24160 2633664 2633664 2157
racp j60_29_10_1.0 1 timeout 1000.0203 976553 5 23472 3407486 3407486 1747
rel2onto 3_9 1 sat 247.83504 246793 2 711 485571 485571 70802
rel2onto 5_17 1 sat 984.0678 982203 5 1799 1736879 1736879 152691
rel2onto 5_28 1 timeout 1000.0025 997684 5 2319 1399511 1399511 167732
rel2onto 5_5 1 timeout 1000.0018 997674 5 2327 1481776 1481776 161783
rel2onto 5_6 1 timeout 1000.0037 997467 5 2537 1557213 1557213 149034
road-cons road_17 1 timeout 1000.01044 998351 13 1667 97922 97922 136000001
road-cons road_18 1 timeout 1000.0172 997156 15 2890 163978 163978 19033637
road-cons road_25 1 timeout 1000.0484 999134 13 969 453586 453586 300000001
road-cons road_26 1 timeout 1000.0515 999223 15 953 403724 403724 325000001
rspsp-wet j30_1_3-wet 1 sat 57.9419 57357 1 147 1027070 1027070 93
rspsp-wet j30_43_10-wet 1 timeout 1000.01404 993367 5 6645 6547567 6547567 126
rspsp-wet j60_19_6-wet 1 timeout 1000.0169 983852 5 16163 6891369 6891369 301
rspsp-wet j60_28_3-wet 1 timeout 1000.0141 987817 5 12195 3969807 3969807 298
rspsp-wet j90_48_4-wet 1 timeout 1000.0142 977313 5 22699 2869630 2869630 759
seat-moving sm-10-12-00 1 timeout 1000.0305 958498 10 41527 11086931 11086931 463
seat-moving sm-10-20-05 1 timeout 1000.0413 958023 8 42013 15527917 15527917 135
seat-moving sm-15-12-00 1 timeout 1000.14844 407226 5 592921 2821472 2821472 1651
seat-moving sm-15-20-00 1 timeout 1000.1539 874234 7 125916 11024815 11024815 206
seat-moving sm-20-20-00 1 timeout 1000.0064 457438 8 542563 6109059 6109059 279
steelmillslab bench_13_0 1 timeout 1000.269 536271 9 464013 1325874 1325874 28
steelmillslab bench_14_1 1 timeout 1000.2122 499999 7 500230 893821 893821 31
steelmillslab bench_15_11 1 timeout 1000.84595 470007 6 530858 921399 921399 25
steelmillslab bench_16_10 1 timeout 1001.28656 304723 5 696581 446019 446019 1
steelmillslab bench_19_5 1 timeout 1000.32904 553911 11 446433 937308 937308 22
steiner-tree es10fst03.stp 1 sat 1.778075 1504 0 3 35267 35267 23936808
steiner-tree es10fst10.stp 1 sat 7.2448874 7000 0 6 134733 134733 20280160
steiner-tree es20fst08.stp 1 timeout 1000.01447 978939 6 21076 3588965 3588965 80304156
steiner-tree es20fst09.stp 1 timeout 1000.0228 987606 5 12420 7757867 7757867 52917462
steiner-tree es20fst14.stp 1 timeout 1000.0071 991118 5 8890 6739804 6739804 30344859
tc-graph-color k10_31 1 sat 117.7539 116553 2 957 8035677 8035677 427
tc-graph-color k10_34 1 sat 7.856312 7491 0 19 452672 452672 433
tc-graph-color k2_42 1 timeout 1000.1598 909753 7 90404 102450077 102450077 231
tc-graph-color k5_05 1 sat 22.696272 22425 1 83 1643269 1643269 273
tc-graph-color k9_39 1 timeout 1000.0429 947833 7 52206 59933575 59933575 483
tdtsp inst_10_35_20 1 sat 10.081223 9987 1 18 100255 100255 9055
tdtsp inst_10_42_00 1 sat 621.26135 613638 10 7361 10367079 10367079 8421
tdtsp inst_10_58_20 1 sat 17.617731 17442 1 61 187892 187892 10306
tdtsp inst_20_26_00 1 timeout 1000.00964 991590 5 8412 1022446 1022446 17578
tdtsp inst_20_36_10 1 timeout 1000.0203 989674 4 10334 982790 982790 15412
team-assignment data1_6_24 1 timeout 1000.1944 710171 10 290016 19163918 19163918 14206
team-assignment data2_4_15 1 timeout 1000.05695 912077 8 87973 52528426 52528426 6704
team-assignment data2_5_6 1 timeout 1000.0278 965999 8 34022 36660394 36660394 962
team-assignment data2_6_12 1 timeout 1000.052 948243 7 51804 25886407 25886407 9776
team-assignment data3_6_28 1 timeout 1000.1244 776554 11 223562 18596462 18596462 12079
train instance.10 1 timeout 1000.6505 520636 7 480010 9756389 9756389 81510
train instance.16 1 timeout 1000.8576 525965 8 474887 8433393 8433393 96375
train instance.17 1 timeout 1001.02423 376886 8 624133 24692893 24692893 40030
train instance.4 1 timeout 1000.0744 877209 12 122857 28723076 28723076 77110
train instance.5 1 timeout 1000.07477 833277 8 166791 17932450 17932450 82340
traveling-tppv circ14anonbal 1 timeout 1000.028 966755 6 33272 4496213 4496213 458
traveling-tppv circ20hnonbal 1 timeout 1000.0205 973930 6 26097 2643937 2643937 4001
traveling-tppv circ20inonbal 1 timeout 1000.1183 894887 9 105237 3341791 3341791 1308
traveling-tppv circ8abal 1 timeout 1000.0048 993891 5 6111 6072228 6072228 82
traveling-tppv circ8dbal 1 sat 979.3393 972607 5 6396 5937196 5937196 80
triangular n10 1 sat 152.9613 147459 3 5065 34248346 34248346 20
triangular n16 1 timeout 1000.08746 885577 7 114509 127631615 127631615 37
triangular n22 1 timeout 1000.06946 912055 7 88025 93690092 93690092 52
triangular n28 1 timeout 1000.0542 929665 11 70393 63943163 63943163 67
triangular n37 1 timeout 1000.0443 948582 11 51479 31924510 31924510 88
vrplc vrplc11_5_15_s3 1 timeout 1000.01514 982567 8 17442 3295651 3295651 406
vrplc vrplc13_11_15_s3 1 timeout 1000.0175 980770 8 19243 2701017 2701017 1309
vrplc vrplc9_5_10_s1 1 timeout 1000.0063 992541 9 7459 5039376 5039376 351
vrplc vrplc9_5_10_s3 1 timeout 1000.0047 991772 7 8228 5327258 5327258 329
vrplc vrplc9_5_15_s3 1 timeout 1000.03253 976684 8 23343 3271020 3271020 516
