city-position city-5-05 2 sat 34.736336 32153 4 2437 1114353 2251827 2850
city-position city-5-06 2 sat 32.11197 29957 9 2061 949136 1881317 3493
city-position city-5-08 2 sat 144.68436 125718 40 18867 3179498 6080867 4500
city-position city-7-04 2 timeout 1000.6053 270453 105 730050 5106426 10232229 19900
city-position city-8-06 2 timeout 1002.64185 183138 159 819348 4447441 8662350 1264384
community-detection dolphin.s62.k3 2 timeout 1000.112 899143 26 100951 18517979 36619808 35
community-detection mexican.s26.k4 2 timeout 1000.1361 841330 70 158743 26621029 53271031 48
community-detection Sampson.s10.k3 2 sat 30.721636 30132 2 375 2155177 4097903 8
community-detection Strike.s2.k8 2 timeout 1000.2148 780921 74 219226 32988077 65105362 73
community-detection Strike.s6.k5 2 timeout 1000.20245 750646 55 249505 39681898 78724211 65
concert-hall-cap concert-cap.mznc2018.02 2 sat 93.503395 92287 11 1209 2628348 4922736 48278
concert-hall-cap concert-cap.mznc2018.03 2 timeout 1000.1024 920219 649 79237 17791802 34484495 28267
concert-hall-cap concert-cap.mznc2018.06 2 timeout 1000.1464 889297 42 110810 19585771 38539381 30607
concert-hall-cap concert-cap.mznc2018.148 2 sat 670.7572 569651 611 100426 27544968 55097272 38112
concert-hall-cap concert-cap.mznc2018.318 2 timeout 1000.0854 910373 923 88791 18507990 37574786 47275
elitserien handball15 2 sat 59.043144 58840 28 148 402575 783773 6
elitserien handball16 2 sat 135.5751 134190 30 1299 2107078 4187033 4
elitserien handball18 2 sat 26.607119 26450 7 59 267286 527825 4
elitserien handball1 2 sat 70.95445 69946 51 518 1094820 2211990 2
elitserien handball6 2 sat 54.111504 53781 26 209 726274 1491540 4
gbac reduced_UD4-gbac 2 timeout 1000.1644 812214 46 187912 9428637 18750929 2395
gbac UD2-gbac 2 timeout 1001.44727 154886 187 846379 3275638 6465262 9732
gbac UD4-gbac 2 sat 1000.0007 388342 251 611174 5978040 12059843 6385
gbac UD5-gbac 2 timeout 1000.5733 473824 167 526588 7001407 14019379 17466
gbac UD8-gbac 2 sat 1000.54584 259026 180 741342 9074793 17993578 9079
gfd-schedule n100f7d50m20k10 2 timeout 1000.4579 460836 144 539493 4434515 8890593 3913
gfd-schedule n200f5d50m40k6 2 timeout 1001.0557 382075 279 618753 651846 1252873 6021
gfd-schedule n65f2d50m20k10 2 timeout 1000.34973 621765 41 378556 13839749 27986710 618
gfd-schedule n80f7d30m7k7 2 timeout 1000.4767 735385 189 264923 4476590 8952742 35381
gfd-schedule n90f5d40m30k6 2 timeout 1000.16406 698043 26 302116 6516824 13324958 414
groupsplitter u12g1pref0 2 sat 4.5509357 4462 86 5 192 395 207
groupsplitter u12g1pref1 2 sat 6.3453217 6001 11 6 232 450 216
groupsplitter u15g3pref2 2 timeout 1000.0998 899380 16005 84716 161564 322778 225
groupsplitter u5g1pref0 2 sat 0.9415623 507 3 2 81 155 72
groupsplitter u6g3pref0 2 sat 23.114399 22571 239 217 4091 8068 167
hrc exp1-1-5145 2 timeout 1000.0815 928503 29 71568 13359851 26805009 3
hrc exp1-1-5670 2 sat 107.13514 106533 110 373 472296 948040 2
hrc exp1-1-945 2 timeout 1000.03204 970299 315 29428 7234605 14484954 11
hrc exp2-1-4795 2 timeout 1000.03326 944282 142 55629 11633036 23524250 101
hrc exp2-1-5180 2 timeout 1000.0705 935086 843 64159 10851095 21523089 101
largescheduling instance-0100-4 2 sat 1032.3608 10256 718 1021387 70714 129617 225341
largescheduling instance-0400-4 2 sat 1033.719 29003 1603 1003103 64834 137428 791166
largescheduling instance-0800-4 2 timeout 1000.38525 755792 1181 243402 283824 575264 8084996
largescheduling instance-1600-4 2 timeout 1000.0672 901008 1920 97133 236073 486409 16165505
largescheduling instance-3200-4 2 timeout 1000.035 971892 2399 25744 145518 293859 32125391
ma-path-finding g16_p10_a10 2 timeout 1001.4301 228365 2951 770410 192235 379167 192
ma-path-finding g16_p10_a20 2 sat 1000.3928 200422 3297 797158 128844 256843 390
ma-path-finding g16_p20_a20 2 timeout 1001.4257 255200 2363 744558 187274 386965 420
ma-path-finding g24_p10_a05 2 timeout 1000.262 569079 18612 413267 128569 262401 88
mapping full2x2_mp3 2 sat 1000.0007 573900 79 425682 60097655 122653692 1100
mapping mesh3x3_mp3_2 2 sat 0.58694303 509 0 8 6538 7721 936
mapping mesh3x3_mpeg 2 sat 1010.17914 73045 1102 936036 257221 497014 788
mapping mesh_star_2 2 timeout 1010.0382 45971 883 963192 170906 320292 1104
mapping ring_mp3 2 sat 1000.0034 503289 116 496259 22275971 43713579 1212
mario mario_medium_1 2 timeout 1000.2082 874372 28 125810 15990535 31764628 1376
mario mario_medium_3 2 timeout 1000.1278 856907 63 143159 16314352 32554581 1334
mario mario_medium_4 2 timeout 1000.1959 833524 38 166636 14946944 30150358 1004
mario mario_medium_5 2 sat 228.02371 221096 254 6675 3956872 8039752 1035
mario mario_n_medium_1 2 sat 98.41357 97046 106 849 1944499 4029518 1062
neighbours neighbours1 2 sat 196.5811 190723 6 5797 8297966 16473327 63
neighbours neighbours3 2 timeout 1000.2841 708424 58 291807 50446844 98840005 71
neighbours neighbours5 2 timeout 1000.14795 657783 306 342066 53592845 106604715 55
neighbours neighbours7 2 timeout 1000.18726 774523 333 225334 33131407 67050719 93
neighbours neighbours9 2 timeout 1000.129 663752 61 336321 54474140 108495260 91
on-call-rostering 10s-100d-C 2 timeout 1000.1779 779945 287 219951 30561571 62130227 49
on-call-rostering 20s-100d-B 2 timeout 1000.20984 773559 106 226545 12375968 24729483 66
on-call-rostering 2s-200d 2 timeout 1000.1424 864892 305 134951 24217794 48705153 68
on-call-rostering 30s-400d-A 2 sat 1000.7105 277465 1851 721385 1670476 3344871 359
on-call-rostering 4s-100d 2 sat 1000.0006 728212 72 271520 19417258 38657551 62
opd flener_et_al_15_350_100 2 timeout 1000.1781 754075 38 246129 6217715 12621405 55
opd medium_13_250_80 2 sat 1000.2154 795139 2730 202383 9039921 17921914 43
opd small_bibd_06_50_25 2 sat 77.02113 75501 3 1508 4640315 9447813 11
opd small_bibd_06_60_30 2 sat 262.55365 244470 19 18052 14709955 29654486 13
opd small_bibd_08_28_14 2 sat 65.70249 63925 4 1584 3463669 7160263 7
opt-cryptanalysis2017 r11 2 timeout 1000.05365 952945 874 46237 6282584 12881497 52
opt-cryptanalysis2017 r15 2 timeout 1000.0427 961809 173 38063 4485209 8948483 65
opt-cryptanalysis2017 r5 2 sat 668.56494 630499 58 37971 13221060 27158029 20
opt-cryptanalysis2017 r7 2 timeout 1000.1041 964221 117 35769 7585979 14771906 28
opt-cryptanalysis2017 r9 2 timeout 1000.0298 961228 2097 36707 6088667 11989928 36
opt-cryptanalysis2018 r10 2 timeout 1000.02655 953722 368 45939 6704143 13411487 44
opt-cryptanalysis2018 r12 2 timeout 1000.09485 951917 348 47832 6288191 12284515 56
opt-cryptanalysis2018 r14 2 timeout 1000.0346 957835 24 42179 5071310 10147946 65
opt-cryptanalysis2018 r6 2 timeout 1000.0351 935920 148 63969 13660394 26836581 24
opt-cryptanalysis2018 r8 2 timeout 1000.0192 961039 78 38904 6540082 12962106 32
racp j30_13_6_1.25 2 timeout 1000.03705 936019 323 63701 5750914 11487758 579
racp j30_14_7_1.25 2 timeout 1000.037 940161 74 59810 5604165 11211888 757
racp j30_26_2_1.0 2 sat 52.092953 51719 8 285 345951 681141 704
racp j60_14_7_1.25 2 timeout 1000.09937 896477 379 103259 2212364 4460773 1174
racp j60_29_10_1.0 2 timeout 1000.09106 904734 1335 94042 3044747 6023026 1397
rel2onto 3_9 2 sat 157.57193 156451 38 1025 245852 483643 70802
rel2onto 5_17 2 sat 452.83914 449817 171 2523 972249 1951306 152691
rel2onto 5_28 2 timeout 1000.01154 991322 1202 7500 1368821 2758753 167732
rel2onto 5_5 2 timeout 1000.0041 992991 26 6999 1133660 2293799 161783
rel2onto 5_6 2 timeout 1000.006 991423 225 8369 1430758 2878232 149034
road-cons road_17 2 timeout 1000.0401 981577 11060 7439 92314 184815 136000001
road-cons road_18 2 sat 1000.09607 973625 11511 15013 155533 311966 19028549
road-cons road_25 2 timeout 1000.05444 975176 22317 2853 371506 721877 300000001
road-cons road_26 2 timeout 1000.0487 987009 10766 2512 332944 690110 325000001
rspsp-wet j30_1_3-wet 2 sat 35.25534 34894 2 112 593768 1128908 93
rspsp-wet j30_43_10-wet 2 timeout 1000.035 977968 89 21981 5540212 11045095 125
rspsp-wet j60_19_6-wet 2 timeout 1000.0348 947887 21 52131 5755199 11561387 292
rspsp-wet j60_28_3-wet 2 timeout 1000.02673 954074 667 45289 3242336 6493826 295
rspsp-wet j90_48_4-wet 2 sat 1000.00104 905873 118 93588 2446308 4888386 746
seat-moving sm-10-12-00 2 timeout 1000.0607 876678 25 123365 9323962 18348959 463
seat-moving sm-10-20-05 2 timeout 1000.14825 847481 713 151959 12027745 23901090 135
seat-moving sm-15-12-00 2 timeout 1001.3228 190045 260 811029 1138149 2208437 1651
seat-moving sm-15-20-00 2 sat 1000.1318 567882 29 432224 6054378 12359628 206
seat-moving sm-20-20-00 2 timeout 1002.0664 245239 126 756706 2572280 5146749 278
steelmillslab bench_13_0 2 timeout 1001.2375 278697 1189 721420 563978 1119967 27
steelmillslab bench_14_1 2 timeout 1000.8917 274237 777 725923 458303 929768 40
steelmillslab bench_15_11 2 sat 1002.05206 265794 756 735521 368485 754953 20
steelmillslab bench_16_10 2 sat 509.33307 118148 414 390694 134971 303773 1
steelmillslab bench_19_5 2 timeout 1000.17834 300354 598 699279 393637 792656 25
steiner-tree es10fst03.stp 2 sat 1.0576961 1004 0 4 20676 38989 23936808
steiner-tree es10fst10.stp 2 sat 5.275083 4995 1 11 73659 155706 20280160
steiner-tree es20fst08.stp 2 timeout 1000.0667 920537 138 79400 3176701 6325920 80304156
steiner-tree es20fst09.stp 2 timeout 1000.0489 955552 234 44270 7201505 14459215 52917462
steiner-tree es20fst14.stp 2 timeout 1000.017 970017 412 29595 5858948 11716010 30344859
tc-graph-color k10_31 2 sat 68.728905 67005 6 1527 4322470 8652938 427
tc-graph-color k10_34 2 sat 7.9517875 7455 1 56 380922 754578 433
tc-graph-color k2_42 2 timeout 1000.2456 647800 30 352421 61182363 122896223 231
tc-graph-color k5_05 2 sat 19.295956 18871 1 140 1349315 2196706 273
tc-graph-color k9_39 2 timeout 1000.2132 753765 273 246184 40952901 81560235 483
tdtsp inst_10_35_20 2 sat 8.459503 7913 6 86 78071 153647 9055
tdtsp inst_10_42_00 2 sat 442.30328 426504 40 15476 6372720 12838952 8421
tdtsp inst_10_58_20 2 sat 10.282024 9929 2 73 103717 179815 10306
tdtsp inst_20_26_00 2 timeout 1000.0354 960094 1247 38692 872652 1766456 17218
tdtsp inst_20_36_10 2 timeout 1000.0371 962846 616 36568 737420 1463059 15183
team-assignment data1_6_24 2 timeout 1000.2988 366904 93 633306 8070649 16043653 14159
team-assignment data2_4_15 2 timeout 1000.32306 634440 359 365526 29789978 59687077 6716
team-assignment data2_5_6 2 timeout 1000.128 835087 117 164926 26300367 52450781 962
team-assignment data2_6_12 2 timeout 1000.27783 753145 141 246994 17676127 35459232 10645
team-assignment data3_6_28 2 timeout 1000.7881 479041 179 521572 10069511 20238384 11083
train instance.10 2 timeout 1000.3453 235834 449 764066 3258832 6424795 82500
train instance.16 2 timeout 1001.7112 215354 253 786106 3247499 6362586 96315
train instance.17 2 timeout 1014.94916 146467 163 868321 8316512 15992903 40170
train instance.4 2 timeout 1000.4848 537106 366 463016 14864248 29839242 76980
train instance.5 2 timeout 1000.00134 477663 110 522234 9265400 18049385 81620
traveling-tppv circ14anonbal 2 timeout 1000.1913 860770 1580 137854 3810143 7637636 464
traveling-tppv circ20hnonbal 2 timeout 1000.09985 865454 11191 123475 2145591 4291359 4001
traveling-tppv circ20inonbal 2 timeout 1000.7815 622094 61 378654 1875235 3753416 1324
traveling-tppv circ8abal 2 sat 601.53986 592949 13 8583 3377340 6788765 82
traveling-tppv circ8dbal 2 sat 541.2664 533459 180 7422 3184950 6395004 80
triangular n10 2 sat 120.276764 108936 62 11143 20540937 42114875 20
triangular n16 2 timeout 1000.3886 607392 58 392945 70283851 141508285 37
triangular n22 2 timeout 1000.15936 644320 50 355814 53770282 106017382 52
triangular n28 2 timeout 1000.2287 590557 99734 309969 30355011 67735369 67
triangular n37 2 timeout 1000.2638 772818 36744 190749 20259841 41013888 91
vrplc vrplc11_5_15_s3 2 timeout 1000.0562 935775 34 64253 2921592 5860116 380
vrplc vrplc13_11_15_s3 2 timeout 1000.0508 930509 172 69373 2356957 4749856 1309
vrplc vrplc9_5_10_s1 2 timeout 1000.01074 977479 114 22420 4534138 8934816 351
vrplc vrplc9_5_10_s3 2 timeout 1000.0134 973780 99 26136 4632415 9279575 329
vrplc vrplc9_5_15_s3 2 timeout 1000.07776 910388 338 89354 2715283 5532203 516
