city-position city-5-05 32 sat 29.851875 5840 92 23925 128310 3588472 2850
city-position city-5-06 32 sat 88.84741 10639 306 77907 198616 5630371 3493
city-position city-5-08 32 sat 396.17175 20739 1503 373936 298937 9821377 4500
city-position city-7-04 32 sat 1001.2031 14833 2683 983696 186229 6143035 33142
city-position city-8-06 32 sat 1016.98047 10197 2756 1004039 108214 4161330 1375610
community-detection dolphin.s62.k3 32 sat 1000.0008 240801 8700 750504 3559618 111701063 47
community-detection mexican.s26.k4 32 sat 1000.3069 144498 3406 852430 3171027 99053820 48
community-detection Sampson.s10.k3 32 sat 3.9658043 3193 8 361 153066 4513915 8
community-detection Strike.s2.k8 32 sat 1000.0008 111550 3631 884748 2844594 87060510 73
community-detection Strike.s6.k5 32 sat 1000.42505 111882 3228 885336 3549733 109269132 65
concert-hall-cap concert-cap.mznc2018.02 32 sat 27.206387 24135 34 2942 605889 17885385 48278
concert-hall-cap concert-cap.mznc2018.03 32 sat 1000.04224 246056 2251 751741 3041099 116030116 28267
concert-hall-cap concert-cap.mznc2018.06 32 sat 1000.6158 150757 3187 846681 2204969 68491398 30607
concert-hall-cap concert-cap.mznc2018.148 32 sat 497.9967 115578 790 381627 4097576 129197368 38112
concert-hall-cap concert-cap.mznc2018.318 32 timeout 1000.49786 260781 4160 735562 3940334 124072976 47275
elitserien handball15 32 sat 15.5280485 14680 94 805 72840 2462754 6
elitserien handball16 32 sat 33.100674 29545 132 3475 353341 11723804 4
elitserien handball18 32 sat 9.525848 8853 71 659 66939 2232596 4
elitserien handball1 32 sat 17.567745 16160 62 1398 178722 5924329 2
elitserien handball6 32 sat 15.083265 13842 82 1208 146488 4880920 4
gbac reduced_UD4-gbac 32 sat 1000.14215 74838 3237 922082 595389 18991186 3119
gbac UD2-gbac 32 sat 1016.5535 13190 3056 1000329 159783 4972954 9464
gbac UD4-gbac 32 sat 1009.8677 32720 2954 974206 330254 10388662 7538
gbac UD5-gbac 32 timeout 1000.0061 32282 3515 964241 279999 9348000 15085
gbac UD8-gbac 32 sat 1032.7314 23317 3022 1006414 691567 21142194 9701
gfd-schedule n100f7d50m20k10 32 sat 1002.0209 32896 16003 953200 151189 6254935 3415
gfd-schedule n200f5d50m40k6 32 sat 1014.409 54480 9212 951295 26867 901113 6214
gfd-schedule n65f2d50m20k10 32 sat 1003.1485 49239 3211 950750 796084 23947622 819
gfd-schedule n80f7d30m7k7 32 timeout 1002.37476 64787 3608 934073 259405 8161564 35381
gfd-schedule n90f5d40m30k6 32 sat 1004.5816 64403 5124 935182 219496 6442326 415
groupsplitter u12g1pref0 32 sat 5.373652 4157 705 273 81 2609 207
groupsplitter u12g1pref1 32 sat 4.576411 4088 437 68 82 2454 216
groupsplitter u15g3pref2 32 sat 1000.9775 212840 51537 736612 38412 1225654 227
groupsplitter u5g1pref0 32 sat 1.5448648 1129 88 333 75 1272 90
groupsplitter u6g3pref0 32 sat 18.4742 12310 1040 4739 1571 41558 167
hrc exp1-1-5145 32 sat 1000.0011 351537 3859 644610 3117755 93105071 3
hrc exp1-1-5670 32 sat 22.867062 20741 139 1754 80039 2798160 2
hrc exp1-1-945 32 sat 239.44463 180892 761 57537 1166931 35156589 11
hrc exp2-1-4795 32 timeout 1000.01056 198393 87800 713934 1453394 60609832 101
hrc exp2-1-5180 32 timeout 1000.6667 131430 77178 792129 876894 40857175 101
largescheduling instance-0100-4 32 sat 3926.7488 5771 4843 3916139 7737 170195 224804
largescheduling instance-0400-4 32 sat 1932.2925 5482 238 1926550 4047 183528 790711
largescheduling instance-0800-4 32 timeout 1000.9095 221918 16437 762577 41697 1323578 8084996
largescheduling instance-1600-4 32 timeout 1001.0579 449796 9827 541525 61559 1848270 16165505
largescheduling instance-3200-4 32 timeout 1000.36194 546281 139331 314856 36878 1410772 32125391
ma-path-finding g16_p10_a10 32 sat 1025.0068 32553 15366 977815 10901 370569 192
ma-path-finding g16_p10_a20 32 timeout 1012.70184 72893 39809 900717 18304 705410 481
ma-path-finding g16_p20_a20 32 timeout 1000.1014 74354 59126 868051 19073 840569 481
ma-path-finding g24_p10_a05 32 timeout 1002.4686 23183 154939 825293 2901 670460 196
mapping full2x2_mp3 32 sat 1000.0008 46624 3458 949900 2937578 91928380 1100
mapping mesh3x3_mp3_2 32 sat 1.2570356 543 8 616 377 16945 936
mapping mesh3x3_mpeg 32 sat 1108.7 10538 5209 1092991 13314 369808 788
mapping mesh_star_2 32 sat 1428.3 10714 4275 1413365 9280 304939 1104
mapping ring_mp3 32 timeout 1000.0269 41701 3180 955168 1105806 38759239 1212
mario mario_medium_1 32 sat 1000.62646 102541 2667 895423 1147878 37466351 1376
mario mario_medium_3 32 sat 1000.40155 85177 2563 912666 1032946 33536415 1239
mario mario_medium_4 32 timeout 1000.0906 77847 2737 919511 942901 29344636 1001
mario mario_medium_5 32 sat 123.85712 42378 289 81192 454216 14544259 1035
mario mario_n_medium_1 32 sat 26.152514 22310 83 3728 372896 11391390 1062
neighbours neighbours1 32 sat 61.29528 44491 207 16571 1214510 37717008 63
neighbours neighbours3 32 timeout 1000.23914 74459 4136 921666 4103440 126837567 71
neighbours neighbours5 32 timeout 1000.0223 65530 3343 931176 3368310 105606528 55
neighbours neighbours7 32 sat 1000.0009 102579 4828 892585 2904049 93864696 92
neighbours neighbours9 32 timeout 1000.1301 70302 3570 926282 3544331 111669512 91
on-call-rostering 10s-100d-C 32 sat 1000.00085 88430 3545 907992 2342495 77068214 48
on-call-rostering 20s-100d-B 32 sat 1003.8765 82140 6674 915067 632553 21047806 50
on-call-rostering 2s-200d 32 sat 1000.00116 249473 4164 746345 3035645 94395138 69
on-call-rostering 30s-400d-A 32 sat 1000.83295 238805 39164 722884 122284 4559959 361
on-call-rostering 4s-100d 32 sat 1002.12213 62643 4047 935441 1031584 34205990 62
opd flener_et_al_15_350_100 32 sat 1003.2423 101204 46298 856220 254127 11931668 51
opd medium_13_250_80 32 sat 1000.2995 86793 26808 886921 420796 15896525 43
opd small_bibd_06_50_25 32 sat 9.919705 7384 20 2202 398611 11889302 11
opd small_bibd_06_60_30 32 sat 32.77762 23137 76 9527 1101373 34718496 13
opd small_bibd_08_28_14 32 sat 4.216836 2505 32 1550 80783 2749578 7
opt-cryptanalysis2017 r11 32 sat 1000.35 174200 3013 823140 733590 23442348 50
opt-cryptanalysis2017 r15 32 timeout 1001.10706 175506 3769 821834 541765 16731524 65
opt-cryptanalysis2017 r5 32 sat 118.20728 88867 483 28853 1472703 47403734 20
opt-cryptanalysis2017 r7 32 sat 1000.6332 226835 4971 768832 1143015 36112125 28
opt-cryptanalysis2017 r9 32 timeout 1000.0695 193058 3432 803585 804223 25384901 36
opt-cryptanalysis2018 r10 32 timeout 1001.39215 173669 3141 824587 734581 23735965 45
opt-cryptanalysis2018 r12 32 sat 1000.16864 176742 3000 820430 757982 23465206 56
opt-cryptanalysis2018 r14 32 timeout 1000.583 167720 3644 829224 593771 19913461 65
opt-cryptanalysis2018 r6 32 sat 1000.0031 265409 2260 732337 2234487 74612093 24
opt-cryptanalysis2018 r8 32 sat 1000.56683 206559 3284 790728 879933 28100984 32
racp j30_13_6_1.25 32 timeout 1000.0758 135098 2901 862121 511044 16079725 443
racp j30_14_7_1.25 32 timeout 1000.022 132615 3127 864327 540023 17418286 567
racp j30_26_2_1.0 32 sat 12.542674 10971 170 1412 60752 1953142 704
racp j60_14_7_1.25 32 sat 1000.022 96074 3887 900224 162058 5194873 946
racp j60_29_10_1.0 32 sat 1001.2142 79441 5537 916393 179255 5878458 1317
rel2onto 3_9 32 sat 36.65953 27110 126 9478 33292 1060498 70802
rel2onto 5_17 32 sat 108.075325 101818 774 5504 154724 4964534 152691
rel2onto 5_28 32 sat 531.9926 464268 5344 62057 534054 17078450 167732
rel2onto 5_5 32 sat 267.53964 245289 848 21469 245456 7802515 161783
rel2onto 5_6 32 sat 191.58887 174853 552 16213 215670 7012559 149034
road-cons road_17 32 timeout 1000.0043 741893 65680 192700 67760 2129173 136000001
road-cons road_18 32 timeout 1000.177 675628 156623 168265 130238 4202025 153000001
road-cons road_25 32 timeout 1000.234 681731 241618 78270 197541 6945682 300000001
road-cons road_26 32 timeout 1000.1713 790586 128461 82552 211826 7097524 325000001
rspsp-wet j30_1_3-wet 32 sat 10.324393 9476 19 550 103547 3375233 93
rspsp-wet j30_43_10-wet 32 sat 583.9705 411465 1698 170509 1756135 55907658 121
rspsp-wet j60_19_6-wet 32 sat 1000.8801 119716 2821 878349 492528 15707157 296
rspsp-wet j60_28_3-wet 32 sat 1002.02496 148831 2798 850407 341875 10910435 289
rspsp-wet j90_48_4-wet 32 sat 1003.549 91084 3148 909328 181183 5560608 718
seat-moving sm-10-12-00 32 sat 993.7767 267356 3111 723334 2025273 62286216 376
seat-moving sm-10-20-05 32 sat 1002.1524 69422 3140 929610 710746 22700307 135
seat-moving sm-15-12-00 32 timeout 1016.3302 12124 2949 1001336 36884 1209099 1651
seat-moving sm-15-20-00 32 sat 1007.5384 37829 2687 967044 287663 9384494 205
seat-moving sm-20-20-00 32 sat 1014.86676 14805 2595 997504 94426 3209283 278
steelmillslab bench_13_0 32 sat 1014.2215 20003 10486 983969 20754 863832 27
steelmillslab bench_14_1 32 sat 1020.0833 24006 3451 992954 21710 696055 39
steelmillslab bench_15_11 32 sat 1004.8632 12814 14475 977736 7380 656647 16
steelmillslab bench_16_10 32 sat 1033.0243 18090 3838 1011425 14680 408558 4
steelmillslab bench_19_5 32 sat 1017.9317 25644 5706 986800 19867 749065 25
steiner-tree es10fst03.stp 32 sat 1.2695408 709 4 309 10476 289159 23936808
steiner-tree es10fst10.stp 32 sat 2.9352822 2118 7 419 27630 841330 20280160
steiner-tree es20fst08.stp 32 timeout 1000.0339 108930 4708 886467 265161 8624518 80304156
steiner-tree es20fst09.stp 32 timeout 1000.98236 214020 4154 782850 1095026 34550301 52917462
steiner-tree es20fst14.stp 32 timeout 1000.5921 332494 6204 661929 1232049 39089178 30344859
tc-graph-color k10_31 32 sat 27.31696 22326 128 4739 832605 23316008 427
tc-graph-color k10_34 32 sat 3.7197275 2626 20 933 63827 2104048 433
tc-graph-color k2_42 32 timeout 1000.3526 93288 3530 903580 3619996 114509316 231
tc-graph-color k5_05 32 sat 7.5896072 5759 32 1818 237790 7600330 273
tc-graph-color k9_39 32 timeout 1000.248 106839 3566 889884 3377119 110971922 483
tdtsp inst_10_35_20 32 sat 4.521845 3094 14 1424 7827 271126 9055
tdtsp inst_10_42_00 32 sat 882.99884 151215 8234 723286 851977 26618003 8421
tdtsp inst_10_58_20 32 sat 4.8565717 3894 16 641 17950 557179 10800
tdtsp inst_20_26_00 32 sat 1000.0007 196722 12657 790507 97779 2783692 16830
tdtsp inst_20_36_10 32 sat 1001.3074 199295 16792 785230 75363 2502976 15277
team-assignment data1_6_24 32 sat 1009.3912 25599 3030 980774 369098 12309949 14084
team-assignment data2_4_15 32 sat 1004.71533 48597 2923 953200 1522807 49481295 7696
team-assignment data2_5_6 32 timeout 1000.27313 152793 3139 844345 3095084 96667921 962
team-assignment data2_6_12 32 sat 1004.3791 57110 2834 944441 1059089 33616753 9748
team-assignment data3_6_28 32 sat 1015.08215 29260 2755 983081 374475 12018284 13070
train instance.10 32 sat 1046.4105 13738 3041 1029648 157896 4289076 82790
train instance.16 32 sat 1020.3286 12887 3026 1004428 88793 3577783 96315
train instance.17 32 sat 1056.2113 9364 2872 1043982 313470 9489434 39960
train instance.4 32 sat 1003.37354 35481 2864 965042 457527 15365443 77170
train instance.5 32 sat 1000.0613 30616 2943 966515 282692 10878989 81620
traveling-tppv circ14anonbal 32 sat 1002.4905 82142 11366 909015 242226 8579764 464
traveling-tppv circ20hnonbal 32 timeout 1000.8739 114346 4964 881666 173447 5421741 4001
traveling-tppv circ20inonbal 32 sat 1004.43695 63973 5547 935009 115413 3564147 1304
traveling-tppv circ8abal 32 sat 91.61824 83070 184 8346 421159 13219858 82
traveling-tppv circ8dbal 32 sat 80.43605 73302 175 6592 386408 12043433 80
triangular n10 32 timeout 1000.18005 39127 3229 957834 4412654 129553622 20
triangular n16 32 timeout 1000.2259 53640 5199 941432 3935115 121026396 37
triangular n22 32 sat 1001.08405 75000 3876 922381 3819897 97577234 52
triangular n28 32 sat 1000.8953 89149 10472 901524 2738786 77432116 68
triangular n37 32 sat 1000.3978 136300 9630 855276 2005808 44709297 92
vrplc vrplc11_5_15_s3 32 sat 1001.02374 127600 4278 869160 273739 8483389 388
vrplc vrplc13_11_15_s3 32 timeout 1000.0079 112961 4094 882968 187205 6142614 574
vrplc vrplc9_5_10_s1 32 sat 306.2355 207622 641 97902 664152 21194272 351
vrplc vrplc9_5_10_s3 32 sat 544.10486 295861 1403 246851 972278 30514915 329
vrplc vrplc9_5_15_s3 32 sat 1001.86487 106604 4140 891137 228070 7039495 501
