city-position city-5-05 4 sat 26.87663 21836 6 4821 694635 2656261 2850
city-position city-5-06 4 sat 49.84241 36612 14 13159 1109006 4111033 3493
city-position city-5-08 4 sat 100.84362 62915 37 37875 1544987 6161767 4500
city-position city-7-04 4 sat 1000.3611 129080 279 871005 2196979 8676280 27146
city-position city-8-06 4 timeout 1003.51697 87501 238 915783 1745391 6914326 1592873
community-detection dolphin.s62.k3 4 timeout 1000.2264 809310 148 190784 15917204 60757202 47
community-detection mexican.s26.k4 4 timeout 1000.25494 709719 639 289903 22964506 87727403 48
community-detection Sampson.s10.k3 4 sat 24.133339 23516 10 499 1513898 5788055 8
community-detection Strike.s2.k8 4 sat 860.32104 573186 33 287006 24167140 92621169 73
community-detection Strike.s6.k5 4 timeout 1000.4266 656324 100 344010 33173545 123982124 65
concert-hall-cap concert-cap.mznc2018.02 4 sat 83.03627 80985 19 2036 2717447 10519056 48278
concert-hall-cap concert-cap.mznc2018.03 4 timeout 1000.0803 833432 1542 165109 17774311 68545976 28267
concert-hall-cap concert-cap.mznc2018.06 4 timeout 1000.13617 774887 520 224733 16519198 67552871 30607
concert-hall-cap concert-cap.mznc2018.148 4 sat 373.7519 314311 37 59407 15823303 66502638 38112
concert-hall-cap concert-cap.mznc2018.318 4 timeout 1000.0747 841517 456 158105 18735327 70593332 47275
elitserien handball15 4 sat 38.050533 37817 22 206 248657 995661 6
elitserien handball16 4 sat 81.01458 79880 45 1106 1270462 4904627 4
elitserien handball18 4 sat 19.318535 18879 19 117 190574 774716 4
elitserien handball1 4 sat 45.805275 45083 54 378 605034 2524786 2
elitserien handball6 4 sat 34.53328 34201 44 298 493323 1859973 4
gbac reduced_UD4-gbac 4 sat 1000.1044 511565 401 488143 4239058 19233802 3261
gbac UD2-gbac 4 sat 1002.847 73435 457 928958 1469007 5563556 9735
gbac UD4-gbac 4 timeout 1000.04803 215860 476 783718 3285970 12984656 6963
gbac UD5-gbac 4 timeout 1002.3471 234572 693 767094 3187603 12620903 16212
gbac UD8-gbac 4 timeout 1003.13556 134165 466 868513 4931917 19206349 9045
gfd-schedule n100f7d50m20k10 4 sat 1000.3396 255846 1070 743450 2308476 9004915 3522
gfd-schedule n200f5d50m40k6 4 sat 1001.2469 217316 9633 774366 290420 1197918 6214
gfd-schedule n65f2d50m20k10 4 timeout 1000.1796 334748 330 665119 7070353 27731788 620
gfd-schedule n80f7d30m7k7 4 timeout 1000.3229 428526 609 571213 2256228 8842048 35381
gfd-schedule n90f5d40m30k6 4 timeout 1000.85016 388942 1550 610398 3021726 12016734 412
groupsplitter u12g1pref0 4 sat 3.105125 2930 150 9 149 463 207
groupsplitter u12g1pref1 4 sat 4.5394387 4294 242 8 140 510 216
groupsplitter u15g3pref2 4 timeout 1000.18994 718662 40932 240610 132780 515886 225
groupsplitter u5g1pref0 4 sat 0.82544553 506 13 8 104 225 81
groupsplitter u6g3pref0 4 sat 18.199806 16654 400 988 3546 14397 167
hrc exp1-1-5145 4 timeout 1000.19476 842801 692 156725 11147529 43166996 3
hrc exp1-1-5670 4 sat 65.288734 64500 14 512 293084 1231492 2
hrc exp1-1-945 4 sat 587.88464 562876 214 24450 4292381 16872692 11
hrc exp2-1-4795 4 timeout 1000.2263 854783 163 145322 10503887 41625895 101
hrc exp2-1-5180 4 timeout 1000.195 819707 703 179836 8612972 34496364 101
largescheduling instance-0100-4 4 sat 1702.1693 5558 566 1696046 17921 118025 226004
largescheduling instance-0400-4 4 sat 1030.072 15077 1665 1013325 25103 116869 790999
largescheduling instance-0800-4 4 timeout 1000.4176 624506 3111 372800 195497 833649 8084996
largescheduling instance-1600-4 4 timeout 1000.07184 807187 3509 189385 198545 765529 16165505
largescheduling instance-3200-4 4 timeout 1000.0496 932629 4657 62784 122738 512471 32125391
ma-path-finding g16_p10_a10 4 timeout 1001.09796 128387 9316 863753 95542 386578 189
ma-path-finding g16_p10_a20 4 sat 1003.8198 122375 11699 870251 60596 283883 395
ma-path-finding g16_p20_a20 4 sat 1001.0843 176276 20779 804617 97219 405194 436
ma-path-finding g24_p10_a05 4 timeout 1000.5608 376107 19878 605099 76362 308428 88
mapping full2x2_mp3 4 sat 1000.2072 400167 130 599914 35746882 142998071 1100
mapping mesh3x3_mp3_2 4 sat 0.3968239 0 0 0 1010 19733 2147483647
mapping mesh3x3_mpeg 4 timeout 1051.6644 27559 1233 1022886 70475 305443 788
mapping mesh_star_2 4 timeout 1033.706 24903 1170 1007640 73715 260231 1552
mapping ring_mp3 4 sat 1000.15155 282151 397 717612 11203242 44580869 1212
mario mario_medium_1 4 sat 943.2668 647955 126 295142 10324539 41104210 1471
mario mario_medium_3 4 timeout 1000.21155 642127 313 357773 10812877 43395498 1334
mario mario_medium_4 4 sat 1000.0007 602722 288 396815 9916168 39981879 1004
mario mario_medium_5 4 sat 145.70464 136279 39 9211 2429689 9617763 1035
mario mario_n_medium_1 4 sat 68.53861 67461 5 1044 1237356 5179447 1062
neighbours neighbours1 4 sat 126.814255 120528 50 6032 4891247 19997207 63
neighbours neighbours3 4 sat 932.47046 568345 203 363617 39886171 162192600 71
neighbours neighbours5 4 timeout 1000.2374 551783 778 447685 41051289 158557868 55
neighbours neighbours7 4 timeout 1000.3641 650828 47 349495 26473722 106132819 93
neighbours neighbours9 4 timeout 1000.327 576387 423 423524 39071012 159666764 92
on-call-rostering 10s-100d-C 4 timeout 1000.18243 577397 388 422403 21353216 87318227 49
on-call-rostering 20s-100d-B 4 sat 1000.2254 479701 1050 519479 6975889 27064350 38
on-call-rostering 2s-200d 4 timeout 1000.0894 755102 1026 243971 19023531 75496936 68
on-call-rostering 30s-400d-A 4 sat 1002.49884 139142 1972 861376 717314 2886018 360
on-call-rostering 4s-100d 4 timeout 1000.4817 441229 308 558950 9362222 37151597 62
opd flener_et_al_15_350_100 4 timeout 1000.0862 479979 3006 517200 3625399 14204247 53
opd medium_13_250_80 4 sat 1000.55963 443113 47662 509879 3564288 13792661 39
opd small_bibd_06_50_25 4 sat 37.767025 36490 8 1028 2411447 9399979 11
opd small_bibd_06_60_30 4 sat 148.96425 135733 23 12857 8362899 32878077 13
opd small_bibd_08_28_14 4 sat 21.265522 20455 4 560 1210601 4636327 7
opt-cryptanalysis2017 r11 4 timeout 1000.1522 863183 1348 135624 4617793 19589445 52
opt-cryptanalysis2017 r15 4 timeout 1000.26404 873444 665 126158 3554905 14520823 65
opt-cryptanalysis2017 r5 4 sat 359.9167 334167 129 25232 7464680 29812766 20
opt-cryptanalysis2017 r7 4 timeout 1000.11847 891977 647 107496 6519640 25810407 28
opt-cryptanalysis2017 r9 4 timeout 1000.0892 884393 431 115267 4674501 19459020 36
opt-cryptanalysis2018 r10 4 timeout 1000.2313 854684 645 144905 4926758 20512574 44
opt-cryptanalysis2018 r12 4 sat 1000.00073 861623 83 137954 4729442 19154825 55
opt-cryptanalysis2018 r14 4 timeout 1000.11865 861249 384 138489 4109624 16527533 65
opt-cryptanalysis2018 r6 4 timeout 1000.0691 841857 61 158153 10769346 43768845 24
opt-cryptanalysis2018 r8 4 timeout 1000.11804 883798 648 115675 5735045 22501731 32
racp j30_13_6_1.25 4 timeout 1000.1733 820022 53 180110 4517221 18175377 431
racp j30_14_7_1.25 4 timeout 1000.1906 812472 450 187275 4719189 18696795 609
racp j30_26_2_1.0 4 sat 24.502718 24139 21 352 157874 630316 704
racp j60_14_7_1.25 4 timeout 1000.3503 627299 930 372155 1426250 5716256 1106
racp j60_29_10_1.0 4 sat 1000.0007 675167 418 324228 2073059 8376426 1478
rel2onto 3_9 4 sat 99.25091 97400 99 1528 149857 606547 70802
rel2onto 5_17 4 sat 344.4501 341340 158 2517 578824 2296027 152691
rel2onto 5_28 4 timeout 1000.00684 984023 356 15646 1386635 5449881 167732
rel2onto 5_5 4 sat 880.52356 868166 704 11667 1038898 4163363 161783
rel2onto 5_6 4 sat 667.01575 658233 467 8333 933031 3746717 149034
road-cons road_17 4 timeout 1000.05316 941452 35124 23558 83892 338637 136000001
road-cons road_18 4 sat 1000.00134 947501 9137 43070 146819 581331 19025172
road-cons road_25 4 timeout 1000.05756 968848 26006 5743 344211 1383812 300000001
road-cons road_26 4 timeout 1000.0482 961334 29881 9213 309484 1285076 325000001
rspsp-wet j30_1_3-wet 4 sat 24.20832 23809 6 194 382002 1455902 93
rspsp-wet j30_43_10-wet 4 timeout 1000.07056 949878 336 49860 5018771 20055146 124
rspsp-wet j60_19_6-wet 4 sat 1000.00055 819085 27 180620 5051904 19974962 295
rspsp-wet j60_28_3-wet 4 sat 1000.0008 860952 293 138393 2689375 10720642 289
rspsp-wet j90_48_4-wet 4 timeout 1000.2416 659200 396 340650 1662700 6622138 717
seat-moving sm-10-12-00 4 timeout 1000.12933 846366 177 153597 8935682 36622396 376
seat-moving sm-10-20-05 4 sat 1000.0006 558270 401 441220 7473525 30696919 136
seat-moving sm-15-12-00 4 timeout 1004.72705 87944 333 916463 458950 1844873 1651
seat-moving sm-15-20-00 4 sat 1000.0979 310105 472 689527 2834641 11087826 205
seat-moving sm-20-20-00 4 sat 1001.6302 121736 589 879314 933644 3707439 279
steelmillslab bench_13_0 4 sat 1001.06866 150014 975 850171 285066 1064514 25
steelmillslab bench_14_1 4 sat 1005.97125 124548 20795 860680 170497 749144 35
steelmillslab bench_15_11 4 timeout 1000.8914 145063 1548 854341 190669 780555 23
steelmillslab bench_16_10 4 sat 1008.0614 85197 10007 912917 93858 384365 2
steelmillslab bench_19_5 4 timeout 1002.6908 168916 2242 831594 210600 900629 21
steiner-tree es10fst03.stp 4 sat 1.0113208 1001 0 9 17499 66216 23936808
steiner-tree es10fst10.stp 4 sat 3.865936 3464 3 44 59648 235428 20280160
steiner-tree es20fst08.stp 4 timeout 1000.3354 724263 278 275806 2460352 9784671 80304156
steiner-tree es20fst09.stp 4 timeout 1000.09125 882267 469 117370 6106712 24643918 52917462
steiner-tree es20fst14.stp 4 timeout 1000.19116 922859 955 76389 5144638 20677539 30344859
tc-graph-color k10_31 4 sat 43.67803 42365 7 1168 2736940 10682150 427
tc-graph-color k10_34 4 sat 4.844968 4427 1 86 238276 911557 433
tc-graph-color k2_42 4 timeout 1000.5288 539874 341 460326 47776997 191163224 231
tc-graph-color k5_05 4 sat 13.515905 13216 4 301 844748 3166848 273
tc-graph-color k9_39 4 sat 1000.05896 654344 490 345235 32555601 127746308 483
tdtsp inst_10_35_20 4 sat 6.1040306 5584 5 418 51124 173214 9055
tdtsp inst_10_42_00 4 sat 425.8336 381316 473 43918 3916680 16137734 8421
tdtsp inst_10_58_20 4 sat 9.5292635 9265 3 237 74112 347903 10306
tdtsp inst_20_26_00 4 sat 1000.1632 868990 407 130763 727133 2906947 17014
tdtsp inst_20_36_10 4 sat 1000.20514 855944 1439 142811 602383 2445685 15068
team-assignment data1_6_24 4 timeout 1001.14276 180807 313 820026 3526387 14115550 14153
team-assignment data2_4_15 4 timeout 1000.8112 371058 218 629537 15462801 61808792 6697
team-assignment data2_5_6 4 timeout 1000.2646 731955 1524 266788 21474982 84291638 962
team-assignment data2_6_12 4 sat 1000.28217 441663 540 558082 9574882 38160727 9753
team-assignment data3_6_28 4 timeout 1000.0011 245259 245 754501 4273386 17141338 12066
train instance.10 4 timeout 1003.7574 110358 488 892916 1439145 5468603 82290
train instance.16 4 sat 1002.76294 103794 635 898335 1228112 4858439 96315
train instance.17 4 sat 1015.0818 69216 624 945243 3706771 15284347 39660
train instance.4 4 sat 1000.7982 323552 402 676849 8176229 32380013 77170
train instance.5 4 timeout 1001.63654 257440 786 743415 3743721 14894664 81120
traveling-tppv circ14anonbal 4 timeout 1000.0098 568831 406 430792 2147180 8742431 462
traveling-tppv circ20hnonbal 4 timeout 1000.1007 622945 8967 368218 1367189 5465732 4001
traveling-tppv circ20inonbal 4 timeout 1001.3587 377500 683 623210 1023470 4016225 1318
traveling-tppv circ8abal 4 sat 347.43832 340269 10 6739 1867731 7598405 82
traveling-tppv circ8dbal 4 sat 342.00754 335638 307 6075 1855263 7109659 80
triangular n10 4 sat 86.801834 76034 5 10593 14361730 54628144 20
triangular n16 4 timeout 1000.2731 502953 147 497187 49086045 195522513 37
triangular n22 4 timeout 1000.25085 511819 1750 486719 35325096 142175446 52
triangular n28 4 timeout 1000.27 532735 1299 466285 25400327 100264071 68
triangular n37 4 timeout 1000.29865 598392 4718 397281 12248213 47564839 92
vrplc vrplc11_5_15_s3 4 timeout 1000.1776 778607 622 220953 2294317 9263943 388
vrplc vrplc13_11_15_s3 4 timeout 1000.18787 740768 682 258743 1812236 7104338 1309
vrplc vrplc9_5_10_s1 4 sat 872.5314 827308 271 44947 3649558 14717316 351
vrplc vrplc9_5_10_s3 4 timeout 1000.0368 938493 215 61335 4485416 17667367 329
vrplc vrplc9_5_15_s3 4 timeout 1000.26373 685638 493 314138 1963489 7904835 493
