city-position city-5-05 8 sat 18.46808 10407 7 8015 269875 2087681 2850
city-position city-5-06 8 sat 88.21243 31453 132 56585 622811 4420013 3493
city-position city-5-08 8 sat 188.09631 58160 216 129724 944749 8432763 4500
city-position city-7-04 8 timeout 1004.70233 64878 999 938829 928977 6726306 38804
city-position city-8-06 8 sat 1003.60724 40123 754 962735 683845 5536039 1139695
community-detection dolphin.s62.k3 8 timeout 1000.1563 751284 664 248226 13276888 105201862 47
community-detection mexican.s26.k4 8 timeout 1000.19324 618162 1279 380769 17589153 139643686 48
community-detection Sampson.s10.k3 8 sat 6.253113 5877 9 128 351000 2785316 4
community-detection Strike.s2.k8 8 sat 182.42776 145379 91 36747 5958268 47861185 73
community-detection Strike.s6.k5 8 sat 1000.0007 521729 1807 476379 22098420 182709792 67
concert-hall-cap concert-cap.mznc2018.02 8 sat 25.224005 24418 17 635 535316 4145503 48278
concert-hall-cap concert-cap.mznc2018.03 8 timeout 1000.17 740763 1559 257852 15867946 127578946 28267
concert-hall-cap concert-cap.mznc2018.06 8 timeout 1000.2836 605616 478 394194 12527985 96488603 30607
concert-hall-cap concert-cap.mznc2018.148 8 sat 275.16718 224936 255 49918 11128975 84066743 38112
concert-hall-cap concert-cap.mznc2018.318 8 timeout 1000.21576 767948 1165 231107 16572194 131817465 47275
elitserien handball15 8 sat 24.364136 23676 30 318 146400 1187046 6
elitserien handball16 8 sat 58.17006 56436 78 1587 813384 6446790 4
elitserien handball18 8 sat 15.010254 14834 17 194 105701 916517 4
elitserien handball1 8 sat 30.013111 29428 57 552 406778 3201420 2
elitserien handball6 8 sat 24.198763 23623 35 397 293089 2394911 4
gbac reduced_UD4-gbac 8 timeout 1000.06085 282732 918 716419 2733849 21755901 3331
gbac UD2-gbac 8 sat 1000.37427 43487 1117 955778 787876 5936611 9734
gbac UD4-gbac 8 sat 1001.9947 116841 946 884216 1529691 12309630 7535
gbac UD5-gbac 8 sat 1001.6986 124633 1393 875691 1320370 10969415 15216
gbac UD8-gbac 8 sat 1006.9786 72138 1043 933806 2375362 19120819 9223
gfd-schedule n100f7d50m20k10 8 sat 1001.4115 144951 3414 853094 979803 7779001 3616
gfd-schedule n200f5d50m40k6 8 sat 1003.87994 123057 2397 878565 172651 1185555 6214
gfd-schedule n65f2d50m20k10 8 timeout 1000.0125 192416 1815 805807 3800044 31036215 618
gfd-schedule n80f7d30m7k7 8 timeout 1001.04736 228893 6996 765189 1055190 8462911 35381
gfd-schedule n90f5d40m30k6 8 timeout 1001.68976 238759 2744 760248 885056 7456651 313
groupsplitter u12g1pref0 8 sat 4.0875964 3806 274 19 82 713 207
groupsplitter u12g1pref1 8 sat 4.605458 4323 276 14 94 754 216
groupsplitter u15g3pref2 8 sat 1000.4864 499376 78237 422883 89866 717902 216
groupsplitter u5g1pref0 8 sat 0.876876 506 12 3 32 671 -181
groupsplitter u6g3pref0 8 sat 16.83547 14480 379 1701 3092 24227 167
hrc exp1-1-5145 8 timeout 1000.25336 785935 1848 212518 9263371 72673430 3
hrc exp1-1-5670 8 sat 49.724403 48644 125 782 226897 1838721 2
hrc exp1-1-945 8 sat 405.0906 377675 327 27077 2683995 21310439 11
hrc exp2-1-4795 8 timeout 1000.00134 714711 28733 256240 8498944 69766006 101
hrc exp2-1-5180 8 timeout 1000.37067 614857 18931 366633 5996849 48977655 101
largescheduling instance-0100-4 8 sat 1091.3368 5968 1196 1084171 27904 149585 226277
largescheduling instance-0400-4 8 sat 1109.9529 16556 4153 1089232 18351 136698 790379
largescheduling instance-0800-4 8 timeout 1000.2561 572364 6106 421791 148334 1203462 8084996
largescheduling instance-1600-4 8 timeout 1000.15796 768683 5810 225692 154107 1228274 16165505
largescheduling instance-3200-4 8 timeout 1000.0525 903636 5347 91112 105807 822013 32125391
ma-path-finding g16_p10_a10 8 timeout 1011.4054 69189 7950 934718 41702 339302 192
ma-path-finding g16_p10_a20 8 timeout 1001.97125 92660 30615 879325 39071 347965 481
ma-path-finding g16_p20_a20 8 sat 1001.22766 127322 7367 867089 64043 447407 432
ma-path-finding g24_p10_a05 8 sat 1002.7928 199109 77141 727063 40441 348766 89
mapping full2x2_mp3 8 timeout 1000.6812 246101 2284 752306 20461886 160809861 1100
mapping mesh3x3_mp3_2 8 sat 0.8195868 521 0 239 5903 45473 936
mapping mesh3x3_mpeg 8 sat 1015.5506 15361 1572 998640 42622 312847 748
mapping mesh_star_2 8 sat 1022.3725 13788 1453 1007148 33015 274066 1104
mapping ring_mp3 8 sat 1000.00055 156482 1338 842046 4985840 43153898 1212
mario mario_medium_1 8 sat 648.349 344194 214 303937 5016840 39635750 1471
mario mario_medium_3 8 timeout 1000.5191 381677 1112 617734 5427864 42729510 1278
mario mario_medium_4 8 timeout 1000.03827 342726 559 656757 4848689 38466922 1004
mario mario_medium_5 8 sat 122.47424 100620 73 21385 1588820 12594861 1035
mario mario_n_medium_1 8 sat 46.39709 44547 45 1423 827404 6579603 1062
neighbours neighbours1 8 sat 84.17439 77903 83 6052 3017559 23887518 63
neighbours neighbours3 8 sat 547.781 324548 1661 221581 23132874 187095391 71
neighbours neighbours5 8 timeout 1000.57355 346773 2067 651749 25183242 204966063 55
neighbours neighbours7 8 timeout 1000.30493 499875 1005 499437 18514943 152098824 93
neighbours neighbours9 8 timeout 1000.2563 395128 1834 603306 27795448 198960829 92
on-call-rostering 10s-100d-C 8 sat 1000.1477 358919 437 640801 12629000 97177462 49
on-call-rostering 20s-100d-B 8 sat 1000.04517 270978 2531 726547 3374807 26889609 54
on-call-rostering 2s-200d 8 timeout 1000.3735 676514 1123 322751 17138281 132313955 68
on-call-rostering 30s-400d-A 8 sat 1003.308 86449 4139 912726 374498 2848444 358
on-call-rostering 4s-100d 8 sat 1000.80817 236630 821 763366 5411409 43238462 62
opd flener_et_al_15_350_100 8 sat 1000.60016 276050 74315 650490 1670616 12756473 52
opd medium_13_250_80 8 sat 1000.43536 242781 51520 706197 2160496 18337917 42
opd small_bibd_06_50_25 8 sat 23.928785 22453 6 1076 1348395 10796595 11
opd small_bibd_06_60_30 8 sat 100.33868 87147 80 12927 5129886 40214639 13
opd small_bibd_08_28_14 8 sat 11.0569515 10543 5 494 572352 4580472 7
opt-cryptanalysis2017 r11 8 timeout 1000.1732 609231 1159 389789 2825267 24205261 51
opt-cryptanalysis2017 r15 8 timeout 1000.2673 597288 1372 401612 2085940 17193088 65
opt-cryptanalysis2017 r5 8 sat 233.68594 212212 101 21298 4324072 32775748 20
opt-cryptanalysis2017 r7 8 timeout 1000.1622 747546 861 251757 4820299 40556483 28
opt-cryptanalysis2017 r9 8 timeout 1000.26953 678444 1185 320645 3430053 27052324 36
opt-cryptanalysis2018 r10 8 timeout 1000.2274 615126 1072 384034 3179977 25922855 44
opt-cryptanalysis2018 r12 8 timeout 1000.2626 602900 1356 396010 2846594 22989310 55
opt-cryptanalysis2018 r14 8 timeout 1000.41565 574597 2057 423765 2414820 18329989 64
opt-cryptanalysis2018 r6 8 timeout 1000.1674 759850 2202 238119 9397678 73640135 24
opt-cryptanalysis2018 r8 8 timeout 1000.26306 706981 1522 291764 3822229 29036277 32
racp j30_13_6_1.25 8 sat 1000.01074 471803 973 527250 1988600 16024087 443
racp j30_14_7_1.25 8 timeout 1000.49664 457202 941 542372 2093057 16772413 597
racp j30_26_2_1.0 8 sat 21.32904 20299 69 654 135431 1078691 704
racp j60_14_7_1.25 8 timeout 1001.27167 337571 2317 661416 697850 5414876 1135
racp j60_29_10_1.0 8 timeout 1001.13367 350016 658 650531 928605 7337056 1529
rel2onto 3_9 8 sat 59.604847 56735 134 2677 80716 644057 70802
rel2onto 5_17 8 sat 234.70906 231206 231 3122 373284 2950247 152691
rel2onto 5_28 8 sat 1000.0934 967984 1007 31125 1250216 9932354 167732
rel2onto 5_5 8 sat 567.6785 555476 1136 10940 622776 4915383 161783
rel2onto 5_6 8 sat 423.6873 413698 883 8964 572465 4492067 149034
road-cons road_17 8 timeout 1000.11304 893893 45134 61207 76104 600914 136000001
road-cons road_18 8 sat 1000.2038 875761 45278 79329 140318 1117321 19028549
road-cons road_25 8 timeout 1000.29895 471287 509617 19689 181209 2231090 300000001
road-cons road_26 8 timeout 1000.07495 968123 19482 13078 295060 2376336 325000001
rspsp-wet j30_1_3-wet 8 sat 18.003891 17719 14 276 229659 1962321 93
rspsp-wet j30_43_10-wet 8 sat 1000.00055 895806 746 102992 4372657 35356965 121
rspsp-wet j60_19_6-wet 8 sat 1000.00073 523158 1636 474863 2343374 19549805 287
rspsp-wet j60_28_3-wet 8 timeout 1000.2501 587122 889 412244 1570741 12462778 281
rspsp-wet j90_48_4-wet 8 sat 1000.001 340362 1278 658178 725672 5966745 741
seat-moving sm-10-12-00 8 sat 1000.47516 357015 700 642778 4052146 32294735 376
seat-moving sm-10-20-05 8 timeout 1001.1041 296911 764 703441 3457334 27541994 136
seat-moving sm-15-12-00 8 timeout 1000.0025 42481 966 956579 200748 1699457 1651
seat-moving sm-15-20-00 8 timeout 1002.3967 154835 872 846704 1280733 10334352 205
seat-moving sm-20-20-00 8 timeout 1010.1537 57486 872 951807 452704 3629677 278
steelmillslab bench_13_0 8 sat 1006.06024 78077 2670 925457 115473 942407 22
steelmillslab bench_14_1 8 sat 1002.62415 72003 2975 927733 94133 752034 33
steelmillslab bench_15_11 8 timeout 1002.0605 69690 3317 929171 93897 698023 22
steelmillslab bench_16_10 8 timeout 1003.9493 46439 3392 954218 54090 390108 2
steelmillslab bench_19_5 8 timeout 1006.19116 88055 2169 916093 113376 821625 23
steiner-tree es10fst03.stp 8 sat 1.4428874 992 0 32 26096 194805 23936808
steiner-tree es10fst10.stp 8 sat 2.5450363 2419 2 95 36739 278319 20280160
steiner-tree es20fst08.stp 8 timeout 1000.16815 398306 2793 599095 1120899 9015250 80304156
steiner-tree es20fst09.stp 8 timeout 1000.17395 702302 1901 295993 4351352 34928440 52917462
steiner-tree es20fst14.stp 8 timeout 1000.1119 811697 1944 186492 4189412 33000808 30344859
tc-graph-color k10_31 8 sat 30.939363 29037 29 1471 1853802 14079585 427
tc-graph-color k10_34 8 sat 3.5557415 3233 2 289 149928 1146999 433
tc-graph-color k2_42 8 timeout 928.9407 380295 5457 543065 31160830 248477302 231
tc-graph-color k5_05 8 sat 9.267843 8477 9 576 473933 3938150 273
tc-graph-color k9_39 8 timeout 1000.575 526054 618 473921 24152996 195901703 483
tdtsp inst_10_35_20 8 sat 5.0033884 4656 4 349 27829 285077 9055
tdtsp inst_10_42_00 8 sat 324.27078 250206 292 73742 2669615 20594987 8421
tdtsp inst_10_58_20 8 sat 4.211111 3623 3 385 26719 165309 10306
tdtsp inst_20_26_00 8 sat 1000.3236 602198 2904 395222 380582 3181868 16923
tdtsp inst_20_36_10 8 sat 1000.0268 582918 3495 413606 336992 2711246 15197
team-assignment data1_6_24 8 sat 1000.584 95744 957 903890 1649914 13333862 14176
team-assignment data2_4_15 8 sat 1000.3215 206587 1310 792428 7923791 62846630 6718
team-assignment data2_5_6 8 timeout 1000.1995 644157 746 355301 18060021 136147287 963
team-assignment data2_6_12 8 sat 1000.68445 251594 628 748468 4845811 38864805 9746
team-assignment data3_6_28 8 sat 1002.66064 108141 922 893605 1699224 13668220 13071
train instance.10 8 timeout 1004.3655 56314 1327 946732 746800 5625913 82500
train instance.16 8 sat 1016.8805 54258 1005 961623 600722 4615540 96315
train instance.17 8 sat 1017.9364 33088 1029 983824 1437632 10756641 40020
train instance.4 8 sat 1000.5925 173165 1111 826324 3880378 29667261 76870
train instance.5 8 sat 1002.91876 132469 871 869585 1655593 13478669 80120
traveling-tppv circ14anonbal 8 sat 1000.0006 325516 2379 672065 1084537 8641030 462
traveling-tppv circ20hnonbal 8 timeout 1000.0168 372904 1919 625249 689323 5435039 4001
traveling-tppv circ20inonbal 8 sat 1000.001 211733 1912 786150 503714 3986372 1300
traveling-tppv circ8abal 8 sat 219.01048 213104 258 5664 1091683 8792451 82
traveling-tppv circ8dbal 8 sat 193.53896 188918 86 4555 1037358 8342539 80
triangular n10 8 sat 78.11695 65037 48 13014 9651646 75388029 20
triangular n16 8 timeout 1000.38745 292554 3424 704440 29391329 231131648 36
triangular n22 8 sat 1000.0163 315386 11639 673030 23150410 183659582 52
triangular n28 8 sat 1000.0696 274222 87067 638873 10727304 103807273 68
triangular n37 8 sat 1000.7198 276105 132002 592692 4359469 53025927 93
vrplc vrplc11_5_15_s3 8 timeout 1000.64923 461039 1615 538003 1074459 8652670 388
vrplc vrplc13_11_15_s3 8 timeout 1000.7436 425987 1759 573008 874971 6817290 1309
vrplc vrplc9_5_10_s1 8 sat 557.6486 509491 561 47525 2059661 16584126 351
vrplc vrplc9_5_10_s3 8 sat 830.52893 730314 417 99802 3110023 24280264 329
vrplc vrplc9_5_15_s3 8 timeout 1000.86487 389129 1501 610244 949911 7400901 516
