city-position city-5-05 1 sat 28.324781 27618 2 407 1838232 1838232 2850
city-position city-5-05 2 sat 32.164486 28969 3 3069 1298096 2682177 2850
city-position city-5-05 4 sat 15.449015 12940 9 2238 604778 2334265 2850
city-position city-5-05 8 sat 30.847122 12530 24 18281 387875 2853376 2850
city-position city-5-05 16 sat 26.906582 7111 41 19760 187899 2915626 2850
city-position city-5-05 32 sat 47.457127 5436 182 41843 122509 3535684 2850
city-position city-5-06 1 sat 91.12161 87941 4 3107 4496207 4496207 3493
city-position city-5-06 2 sat 66.07169 57352 5 8706 2413399 4915829 3493
city-position city-5-06 4 sat 54.212837 32879 4 21332 1150084 4713309 3493
city-position city-5-06 8 sat 64.730995 21406 88 43203 650022 4983508 3493
city-position city-5-06 16 sat 56.158516 11012 101 44916 286866 4254874 3493
city-position city-5-06 32 sat 115.899635 7608 437 107860 173208 5537741 3493
city-position city-5-08 1 sat 205.44197 193315 4 11724 7548208 7548208 4500
city-position city-5-08 2 sat 174.47252 124406 142 49727 4188453 8134090 4500
city-position city-5-08 4 sat 237.57092 93021 338 144216 2233489 8526885 4500
city-position city-5-08 8 sat 198.25009 44857 145 153251 1016486 7834142 4500
city-position city-5-08 16 sat 220.6544 23785 468 196332 506960 8135181 4500
city-position city-5-08 32 sat 413.65204 14379 1665 397615 272657 8636143 4500
city-position city-7-04 1 timeout 1000.66547 439059 11 561598 13437472 13437472 5396
city-position city-7-04 2 timeout 1001.92755 220786 564 780579 5317605 10378948 6757
city-position city-7-04 4 sat 1003.2894 121630 333 881329 2841400 10984602 6251
city-position city-7-04 8 sat 1003.9093 55764 756 947391 979677 7758347 7292
city-position city-7-04 16 sat 1020.5676 29210 1598 989762 506357 8213363 8745
city-position city-7-04 32 sat 1010.2187 14192 2695 993338 202584 6940808 5798
city-position city-8-06 1 timeout 1000.2816 303497 8 696779 7364868 7364868 489067
city-position city-8-06 2 sat 1002.2833 162592 137 839558 3317275 6482339 471832
city-position city-8-06 4 timeout 1001.4637 77916 266 923287 1108172 4633789 365127
city-position city-8-06 8 sat 1009.2476 32794 702 975756 505414 4095834 520151
city-position city-8-06 16 sat 1013.6503 16740 1480 995438 226267 3614820 331987
city-position city-8-06 32 sat 1007.1915 8912 2464 995825 133251 4107307 448383
community-detection dolphin.s62.k3 1 timeout 1000.0271 973662 6 26363 20885357 20885357 55
community-detection dolphin.s62.k3 2 timeout 1000.225 881641 25 118568 17113217 33864714 65
community-detection dolphin.s62.k3 4 timeout 1000.31146 718085 239 282000 12098419 47448627 65
community-detection dolphin.s62.k3 8 timeout 1000.4441 460030 564 539873 6962283 54305620 65
community-detection dolphin.s62.k3 16 timeout 1000.52704 256147 4042 740368 3401276 54869966 57
community-detection dolphin.s62.k3 32 timeout 1001.82574 124230 4208 873419 1428614 44080356 67
community-detection mexican.s26.k4 1 timeout 1000.0417 956826 10 43209 40473363 40473363 42
community-detection mexican.s26.k4 2 timeout 1000.16376 773601 203 226365 29890107 60459962 48
community-detection mexican.s26.k4 4 sat 1000.0082 592148 35 407834 16910823 71344918 46
community-detection mexican.s26.k4 8 sat 1000.00055 371222 2043 626438 10185367 81885636 46
community-detection mexican.s26.k4 16 timeout 1000.67914 195886 2671 802144 4832405 76471094 46
community-detection mexican.s26.k4 32 timeout 1000.03955 85621 3114 911329 2040424 64365708 44
community-detection Sampson.s10.k3 1 sat 25.1364 24924 1 83 1602047 1602047 8
community-detection Sampson.s10.k3 2 sat 34.918995 34110 2 406 2160339 4151004 8
community-detection Sampson.s10.k3 4 sat 5.8334203 5451 2 74 276124 1264480 8
community-detection Sampson.s10.k3 8 sat 21.349257 20126 41 858 1174345 9272123 8
community-detection Sampson.s10.k3 16 sat 13.2707205 12049 29 983 607603 9274016 8
community-detection Sampson.s10.k3 32 sat 3.1306937 2449 42 567 98605 3481747 8
community-detection Strike.s2.k8 1 timeout 1000.0814 936370 9 63706 53604090 53604090 73
community-detection Strike.s2.k8 2 sat 1000.0007 708453 62 291202 34035965 67786693 59
community-detection Strike.s2.k8 4 timeout 1000.4379 473586 857 526000 17741282 72353048 73
community-detection Strike.s2.k8 8 timeout 1000.2205 272256 1499 726476 9571775 77734937 69
community-detection Strike.s2.k8 16 sat 1000.0406 145857 2111 852085 4424331 69909897 73
community-detection Strike.s2.k8 32 sat 1003.2807 67903 3638 931763 1816160 55400660 57
community-detection Strike.s6.k5 1 timeout 1000.1055 922941 7 77161 55755848 55755848 55
community-detection Strike.s6.k5 2 timeout 1000.19226 714318 75 285803 34507944 69862974 57
community-detection Strike.s6.k5 4 sat 1000.0008 525477 514 473871 23315293 87876027 57
community-detection Strike.s6.k5 8 sat 1000.30597 326222 1729 672365 11873340 93783403 53
community-detection Strike.s6.k5 16 sat 1001.0871 165602 1990 833512 5704394 88586078 57
community-detection Strike.s6.k5 32 sat 1000.2162 73381 3492 923361 2066043 65958706 55
concert-hall-cap concert-cap.mznc2018.02 1 sat 72.9688 72337 5 162 2209309 2209309 48278
concert-hall-cap concert-cap.mznc2018.02 2 sat 55.544094 55133 7 371 1138938 2269845 48278
concert-hall-cap concert-cap.mznc2018.02 4 sat 26.412941 25812 19 177 560703 2262898 48278
concert-hall-cap concert-cap.mznc2018.02 8 sat 16.64442 16065 8 438 346760 2689253 48278
concert-hall-cap concert-cap.mznc2018.02 16 sat 11.124337 10457 15 540 189761 2837550 48278
concert-hall-cap concert-cap.mznc2018.02 32 sat 9.016394 7837 20 1168 110360 3791591 48278
concert-hall-cap concert-cap.mznc2018.03 1 timeout 1000.0241 973472 16 26537 28878596 28878596 28774
concert-hall-cap concert-cap.mznc2018.03 2 timeout 1000.1262 899159 120 100850 17453817 34657012 28774
concert-hall-cap concert-cap.mznc2018.03 4 timeout 1000.2242 795968 305 203955 16429331 64295468 28774
concert-hall-cap concert-cap.mznc2018.03 8 timeout 1000.23016 624449 197 375587 12751161 102592444 28774
concert-hall-cap concert-cap.mznc2018.03 16 sat 1000.6107 322779 2011 675826 5248190 82633141 28774
concert-hall-cap concert-cap.mznc2018.03 32 timeout 1000.03735 143160 3165 853718 1890205 60038439 28774
concert-hall-cap concert-cap.mznc2018.06 1 timeout 1000.0606 949221 18 50825 31276538 31276538 30607
concert-hall-cap concert-cap.mznc2018.06 2 timeout 1000.20197 784586 63 215555 16689420 32461498 30441
concert-hall-cap concert-cap.mznc2018.06 4 timeout 1000.55536 468075 307 532176 8857403 36383948 30607
concert-hall-cap concert-cap.mznc2018.06 8 sat 1000.4799 261081 905 738498 4704155 36750531 30464
concert-hall-cap concert-cap.mznc2018.06 16 sat 1002.0223 136996 1737 863296 2282496 35594429 30464
concert-hall-cap concert-cap.mznc2018.06 32 sat 1000.00073 65880 2960 931167 878649 29999929 30646
concert-hall-cap concert-cap.mznc2018.148 1 sat 623.7531 599289 12 24234 49530887 49530887 38112
concert-hall-cap concert-cap.mznc2018.148 2 sat 544.1888 471688 76 72347 24537852 50039961 38112
concert-hall-cap concert-cap.mznc2018.148 4 sat 281.9081 244691 25 36844 12935981 51368072 38112
concert-hall-cap concert-cap.mznc2018.148 8 sat 141.5583 124163 83 17316 6881323 53853561 38112
concert-hall-cap concert-cap.mznc2018.148 16 sat 90.10786 74334 57 15722 3749364 56579999 38112
concert-hall-cap concert-cap.mznc2018.148 32 sat 70.26527 47550 166 22556 1941065 60894248 38112
concert-hall-cap concert-cap.mznc2018.318 1 timeout 1000.0229 974007 17 26001 30525123 30525123 47275
concert-hall-cap concert-cap.mznc2018.318 2 timeout 1000.1478 897946 308 101896 18132283 37050056 47275
concert-hall-cap concert-cap.mznc2018.318 4 timeout 1000.0894 795996 660 203437 14940184 62879408 47275
concert-hall-cap concert-cap.mznc2018.318 8 sat 780.66956 568203 892 211551 11461555 89671425 47275
concert-hall-cap concert-cap.mznc2018.318 16 sat 906.24817 347959 1139 557101 6094962 94563194 47275
concert-hall-cap concert-cap.mznc2018.318 32 sat 1000.67285 149003 2901 848776 2085285 67875233 47275
elitserien handball15 1 sat 102.3321 101843 2 162 720047 720047 6
elitserien handball15 2 sat 53.089893 52808 20 184 340300 696412 6
elitserien handball15 4 sat 28.419973 27842 24 152 188340 732994 6
elitserien handball15 8 sat 18.533926 18129 22 380 109996 903912 6
elitserien handball15 16 sat 13.044042 12675 41 364 73837 1136487 6
elitserien handball15 32 sat 9.239609 8181 62 838 42793 1366795 6
elitserien handball16 1 sat 250.79802 249399 3 1107 4082607 4082607 4
elitserien handball16 2 sat 109.33507 108102 18 894 1787721 3565323 4
elitserien handball16 4 sat 66.897415 65612 32 869 936638 3927017 5
elitserien handball16 8 sat 43.600727 42420 45 1077 584630 4707959 4
elitserien handball16 16 sat 26.597635 25296 89 1167 315301 4802724 4
elitserien handball16 32 sat 19.07625 16833 85 2217 202794 6341210 4
elitserien handball18 1 sat 42.415627 41961 1 44 374161 374161 4
elitserien handball18 2 sat 25.061865 24914 21 75 183451 403160 4
elitserien handball18 4 sat 14.731858 14367 15 140 153612 581529 4
elitserien handball18 8 sat 9.387771 8838 18 177 78616 597874 4
elitserien handball18 16 sat 6.506899 6351 16 178 54534 701177 4
elitserien handball18 32 sat 6.0344915 5254 193 607 32115 1114898 4
elitserien handball1 1 sat 147.18993 146410 2 595 2397602 2397602 2
elitserien handball1 2 sat 85.59694 84766 21 734 1320579 2598085 2
elitserien handball1 4 sat 40.744503 40024 16 487 616327 2410272 2
elitserien handball1 8 sat 26.005821 25233 66 739 369643 2816349 2
elitserien handball1 16 sat 15.529312 14782 190 573 189324 2968944 2
elitserien handball1 32 sat 11.927015 10330 38 1204 123661 3983525 2
elitserien handball6 1 sat 91.607574 91269 2 238 1366094 1366094 4
elitserien handball6 2 sat 43.6451 43328 7 177 640068 1262559 4
elitserien handball6 4 sat 27.507187 27250 19 253 363551 1443737 4
elitserien handball6 8 sat 16.010471 15733 15 289 200112 1524010 4
elitserien handball6 16 sat 10.700214 10162 22 373 110370 1745792 4
elitserien handball6 32 sat 9.030061 8306 75 706 90506 2789999 4
gbac reduced_UD4-gbac 1 timeout 1000.0405 969449 7 30587 10833646 10833646 957
gbac reduced_UD4-gbac 2 timeout 1000.0758 874981 120 124978 9632331 19267473 958
gbac reduced_UD4-gbac 4 sat 1000.5109 577435 368 422714 5585114 21999353 958
gbac reduced_UD4-gbac 8 sat 1000.4622 306829 923 692717 2602598 20913724 957
gbac reduced_UD4-gbac 16 sat 1000.57855 165750 1793 833051 1258683 20359175 958
gbac reduced_UD4-gbac 32 sat 1001.4014 79109 3084 919229 544449 17522841 958
gbac UD2-gbac 1 timeout 1000.0006 721098 10 278511 12681705 12681705 2830
gbac UD2-gbac 2 timeout 1000.35297 386758 104 613496 6323267 12571420 2816
gbac UD2-gbac 4 sat 1001.62146 205653 789 795186 2912634 11229728 2663
gbac UD2-gbac 8 sat 1003.36316 97394 1407 904573 1287724 10306454 2873
gbac UD2-gbac 16 sat 1006.7075 53470 2125 951129 574669 9325112 2920
gbac UD2-gbac 32 sat 1003.1887 27913 3228 972052 261629 8895425 2952
gbac UD4-gbac 1 timeout 1000.037 930223 8 69809 14566560 14566560 2715
gbac UD4-gbac 2 timeout 1000.2992 712086 181 288036 10491950 20885875 2568
gbac UD4-gbac 4 sat 1000.36383 377550 1196 621624 4649478 18512444 2210
gbac UD4-gbac 8 timeout 1001.18024 206588 925 793679 2461916 19757630 2711
gbac UD4-gbac 16 sat 1001.4888 109827 1809 889873 1128448 18053868 2280
gbac UD4-gbac 32 sat 1000.00305 54097 4666 941249 513198 16444934 2570
gbac UD5-gbac 1 timeout 1000.13885 794069 10 206065 9287308 9287308 5055
gbac UD5-gbac 2 timeout 1000.9406 441514 154 559278 4643164 9238698 5687
gbac UD5-gbac 4 timeout 1002.1392 221307 615 780224 2132520 8662509 5348
gbac UD5-gbac 8 sat 1002.1163 119891 1495 880745 973103 7939161 5988
gbac UD5-gbac 16 timeout 1000.0466 62539 3090 934446 544690 8512876 5852
gbac UD5-gbac 32 sat 1007.61926 32089 3528 972022 238422 7323757 5166
gbac UD8-gbac 1 timeout 1000.34467 745670 9 254669 12936649 12936649 2892
gbac UD8-gbac 2 sat 1000.4407 408560 137 591747 6354719 12666811 2674
gbac UD8-gbac 4 timeout 1001.7687 201299 433 800044 2831627 11162165 2680
gbac UD8-gbac 8 sat 1001.296 104518 1254 895537 1415659 11043029 2828
gbac UD8-gbac 16 sat 1005.41266 54275 2811 948335 559999 9562691 2775
gbac UD8-gbac 32 sat 1007.9182 28204 3017 976711 299404 9292447 2524
gfd-schedule n100f7d50m20k10 1 timeout 1000.04913 567650 9 432400 4379568 4379568 19355
gfd-schedule n100f7d50m20k10 2 timeout 1000.8794 312268 2278 686356 2199302 4433011 23761
gfd-schedule n100f7d50m20k10 4 timeout 1000.4695 180493 950 819065 604159 2696929 20147
gfd-schedule n100f7d50m20k10 8 timeout 1004.0119 94600 1593 907879 329816 2662178 19845
gfd-schedule n100f7d50m20k10 16 sat 1007.97687 49388 5991 952646 145543 2569391 25755
gfd-schedule n100f7d50m20k10 32 sat 1010.8288 27272 4982 978783 70554 2422608 15462
gfd-schedule n200f5d50m40k6 1 timeout 1000.25946 407966 8 592319 1271357 1271357 26256
gfd-schedule n200f5d50m40k6 2 timeout 1000.0339 235967 729 763379 518321 1054221 23139
gfd-schedule n200f5d50m40k6 4 sat 1005.60706 130176 4530 870987 261863 1000256 32048
gfd-schedule n200f5d50m40k6 8 sat 1000.7738 68387 8744 923747 108659 940783 27157
gfd-schedule n200f5d50m40k6 16 sat 1008.59863 43679 6961 958169 62414 868380 24853
gfd-schedule n200f5d50m40k6 32 sat 1012.8698 57533 5990 949760 30788 892477 34141
gfd-schedule n65f2d50m20k10 1 timeout 1000.01575 514500 11 485512 12825729 12825729 6346
gfd-schedule n65f2d50m20k10 2 timeout 1002.4477 260014 151 742289 5256240 10481629 6637
gfd-schedule n65f2d50m20k10 4 sat 1002.2402 131521 414 870316 2565211 10125612 4931
gfd-schedule n65f2d50m20k10 8 sat 1001.75256 69498 952 931334 1238290 9531560 7538
gfd-schedule n65f2d50m20k10 16 sat 1000.00287 34928 2636 962472 511279 8307337 6941
gfd-schedule n65f2d50m20k10 32 sat 1027.1628 20283 2988 1003978 264411 8331645 6434
gfd-schedule n80f7d30m7k7 1 timeout 1000.3012 698338 7 301965 3607921 3607921 7846
gfd-schedule n80f7d30m7k7 2 timeout 1000.761 410481 920 589379 2008292 4161436 8545
gfd-schedule n80f7d30m7k7 4 timeout 1003.1806 209723 929 792561 836150 3419295 8746
gfd-schedule n80f7d30m7k7 8 sat 1000.3993 107821 1276 891344 371519 3027753 8546
gfd-schedule n80f7d30m7k7 16 sat 1002.3822 59125 4481 938843 195464 3063475 8647
gfd-schedule n80f7d30m7k7 32 sat 1004.4997 29993 3598 971036 79816 2820658 6944
gfd-schedule n90f5d40m30k6 1 timeout 1000.37787 706726 7 293654 4766962 4766962 6150
gfd-schedule n90f5d40m30k6 2 timeout 1000.1877 387894 1196 611111 2445432 4973327 7141
gfd-schedule n90f5d40m30k6 4 timeout 1000.0629 227050 734 772304 624691 2471884 7251
gfd-schedule n90f5d40m30k6 8 timeout 1002.1819 118839 1856 881541 272921 2288593 6534
gfd-schedule n90f5d40m30k6 16 sat 1009.20184 64144 2876 942272 162779 2263008 8538
gfd-schedule n90f5d40m30k6 32 sat 1017.77814 35955 5712 976246 55478 1969641 8247
groupsplitter u12g1pref0 1 sat 6.293839 6025 0 3 150 150 207
groupsplitter u12g1pref0 2 sat 5.2738748 5018 98 4 103 217 207
groupsplitter u12g1pref0 4 sat 3.2309482 2926 126 7 116 338 207
groupsplitter u12g1pref0 8 sat 3.612844 3287 245 20 61 501 207
groupsplitter u12g1pref0 16 sat 3.7171805 3272 276 44 66 903 207
groupsplitter u12g1pref0 32 sat 3.796399 3037 478 108 43 1782 207
groupsplitter u12g1pref1 1 sat 5.440838 5002 0 3 186 186 216
groupsplitter u12g1pref1 2 sat 3.0480561 3011 37 4 63 184 216
groupsplitter u12g1pref1 4 sat 3.5767772 3370 174 9 154 541 216
groupsplitter u12g1pref1 8 sat 3.2337105 2930 140 19 66 530 216
groupsplitter u12g1pref1 16 sat 3.0877945 2736 316 47 39 789 216
groupsplitter u12g1pref1 32 sat 3.183217 2648 408 75 60 1645 216
groupsplitter u15g3pref2 1 timeout 1000.0764 971070 10 28998 170326 170326 266
groupsplitter u15g3pref2 2 timeout 1000.2016 824579 14352 161273 139594 276459 273
groupsplitter u15g3pref2 4 timeout 1000.30896 531754 33660 434899 105128 416140 270
groupsplitter u15g3pref2 8 timeout 1000.1775 328176 37856 634161 62882 508798 279
groupsplitter u15g3pref2 16 sat 1002.6353 192401 30568 779680 36583 590127 279
groupsplitter u15g3pref2 32 sat 1002.4149 103275 20348 878810 19754 642524 290
groupsplitter u5g1pref0 1 sat 0.4122794 0 0 0 25 25 -2147483648
groupsplitter u5g1pref0 2 sat 0.57167923 511 0 2 28 56 90
groupsplitter u5g1pref0 4 sat 0.4793819 0 0 0 25 77 -2147483648
groupsplitter u5g1pref0 8 sat 0.78615874 513 13 2 37 166 76
groupsplitter u5g1pref0 16 sat 1.0288553 967 66 9 26 498 90
groupsplitter u5g1pref0 32 sat 1.5843966 1399 143 18 16 710 90
groupsplitter u6g3pref0 1 sat 16.195267 16030 1 7 1685 1685 167
groupsplitter u6g3pref0 2 sat 13.045896 12850 95 77 1117 2618 167
groupsplitter u6g3pref0 4 sat 6.272921 5728 74 223 951 2981 167
groupsplitter u6g3pref0 8 sat 6.0801697 5324 221 542 518 3771 167
groupsplitter u6g3pref0 16 sat 6.9052553 5325 393 862 424 6966 167
groupsplitter u6g3pref0 32 sat 6.7300496 3903 264 2412 372 10917 167
hrc exp1-1-5145 1 timeout 1000.0008 959890 10 39643 17212370 17212370 3
hrc exp1-1-5145 2 timeout 1000.1882 823311 239 176653 12188857 23861103 3
hrc exp1-1-5145 4 timeout 1000.5397 498652 1062 500857 6679837 26136322 3
hrc exp1-1-5145 8 sat 1000.0108 328344 2441 669265 3528829 27301148 3
hrc exp1-1-5145 16 sat 1001.0017 173102 7028 820944 1932047 31707274 3
hrc exp1-1-5145 32 sat 1000.00104 73028 14356 912645 833223 26140481 3
hrc exp1-1-5670 1 sat 192.14645 190546 3 1462 1192538 1192538 2
hrc exp1-1-5670 2 sat 125.00483 122252 19 2747 746280 1480989 2
hrc exp1-1-5670 4 sat 57.98603 55073 12 2451 346000 1313386 2
hrc exp1-1-5670 8 sat 34.51148 30731 55 3767 168282 1425703 2
hrc exp1-1-5670 16 sat 29.050463 21131 209 7770 115045 1716835 2
hrc exp1-1-5670 32 sat 12.3263445 7360 68 4728 35030 1105172 2
hrc exp1-1-945 1 timeout 1000.05585 938974 6 61085 7695671 7695671 11
hrc exp1-1-945 2 timeout 1000.137 821715 156 178279 6807225 13622144 11
hrc exp1-1-945 4 timeout 1000.4492 418338 113 582018 2869435 11625931 11
hrc exp1-1-945 8 sat 990.97095 326517 1396 662712 2474349 19649978 11
hrc exp1-1-945 16 sat 983.0843 182842 2252 798058 1318151 20396816 11
hrc exp1-1-945 32 sat 1002.2432 75217 3827 923278 417753 12527606 11
hrc exp2-1-4795 1 timeout 1000.041 946337 7 53708 22365922 22365922 101
hrc exp2-1-4795 2 timeout 1000.16864 768232 162 231795 15451907 31093395 101
hrc exp2-1-4795 4 timeout 1000.2172 445943 6872 547432 7854450 32630589 101
hrc exp2-1-4795 8 timeout 1000.9078 249332 2496 749151 3925075 32475080 101
hrc exp2-1-4795 16 timeout 1001.35333 144470 3048 853925 2118349 31294985 101
hrc exp2-1-4795 32 timeout 1001.0756 49942 29127 922127 607960 24084560 101
hrc exp2-1-5180 1 timeout 1000.12695 910037 8 90095 17703418 17703418 101
hrc exp2-1-5180 2 timeout 1000.2473 650204 95 349979 11310585 22695539 101
hrc exp2-1-5180 4 timeout 1000.0809 338837 260 661042 5114153 20474437 101
hrc exp2-1-5180 8 timeout 1002.0336 171500 1498 829101 2317661 18642117 101
hrc exp2-1-5180 16 timeout 1003.9085 93808 2541 907663 1187922 17920044 101
hrc exp2-1-5180 32 timeout 1006.01324 39893 13544 952671 426106 16419729 101
largescheduling instance-0100-4 1 timeout 1080.7504 4680 2 1076070 90084 90084 275380
largescheduling instance-0100-4 2 sat 1778.3392 8688 496 1769157 68979 122581 273134
largescheduling instance-0100-4 4 timeout 1119.2449 2005 43 1117199 31492 138733 274024
largescheduling instance-0100-4 8 sat 4798.235 4235 846 4793105 27005 228719 269854
largescheduling instance-0100-4 16 sat 1369.2925 1565 3 1367713 13935 253092 269755
largescheduling instance-0400-4 1 timeout 1323.1566 40470 3 1282683 288657 288657 1063119
largescheduling instance-0400-4 2 sat 1009.83075 46665 1339 961819 192062 383381 1095411
largescheduling instance-0400-4 4 sat 1979.835 47724 5233 1926830 130610 557193 1106101
largescheduling instance-0400-4 8 sat 1150.3912 89066 19026 1042243 97111 793958 1169528
largescheduling instance-0400-4 16 sat 1040.0612 121740 27679 890582 66239 1078460 1342807
largescheduling instance-0400-4 32 sat 1011.41943 120525 31019 859817 30694 1007469 1995170
largescheduling instance-0800-4 1 timeout 1006.5284 315665 12 690801 627138 627138 4137649
largescheduling instance-0800-4 2 sat 1000.4059 230028 9696 760655 266734 546278 6621237
largescheduling instance-0800-4 4 sat 1002.7545 173260 12157 817288 139765 594591 6932954
largescheduling instance-0800-4 8 sat 1001.45154 140561 21271 839562 74196 596890 7495039
largescheduling instance-0800-4 16 sat 1000.02344 103165 23963 872872 34173 535035 7731706
largescheduling instance-0800-4 32 sat 1000.02655 74093 22727 903220 12153 394301 7993907
largescheduling instance-1600-4 1 timeout 1000.49414 616204 12 384265 502594 502594 16165505
largescheduling instance-1600-4 2 timeout 1000.6334 376549 7303 616754 223191 448296 16165505
largescheduling instance-1600-4 4 timeout 1000.9538 250827 6461 743652 128632 548859 16165505
largescheduling instance-1600-4 8 timeout 1000.5438 161466 10747 828334 70781 577428 16165505
largescheduling instance-1600-4 16 timeout 1000.0196 96674 13076 890295 31622 502546 16165505
largescheduling instance-1600-4 32 timeout 1002.6163 59865 15515 927331 12692 389823 16165505
largescheduling instance-3200-4 1 timeout 1000.1675 826138 13 174012 337933 337933 32125391
largescheduling instance-3200-4 2 timeout 1000.708 587832 1645 411218 181613 366247 32125391
largescheduling instance-3200-4 4 timeout 1000.2604 405654 5074 589550 112830 461972 32125391
largescheduling instance-3200-4 8 timeout 1000.2529 274919 9859 715488 68049 531776 32125391
largescheduling instance-3200-4 16 timeout 1001.1406 145993 37941 817240 25425 474174 32125391
largescheduling instance-3200-4 32 timeout 1001.7391 93174 22567 886067 11141 386203 32125391
ma-path-finding g16_p10_a10 1 timeout 1000.55316 430408 14 570264 622072 622072 174
ma-path-finding g16_p10_a10 2 timeout 1002.0464 238170 4275 759836 258339 544585 172
ma-path-finding g16_p10_a10 4 timeout 1001.04065 132929 6556 861939 136502 554039 171
ma-path-finding g16_p10_a10 8 sat 1002.70074 73306 7457 922529 62574 462976 173
ma-path-finding g16_p10_a10 16 sat 1015.43604 47580 6525 962128 29551 470853 173
ma-path-finding g16_p10_a10 32 sat 1004.65814 18379 22478 964748 5632 391698 176
ma-path-finding g16_p10_a20 1 timeout 1000.00165 218847 10 781453 242887 242887 432
ma-path-finding g16_p10_a20 2 sat 1003.2766 197227 2761 803695 135848 250967 465
ma-path-finding g16_p10_a20 4 timeout 1003.75525 129535 5018 869743 64079 267528 481
ma-path-finding g16_p10_a20 8 timeout 1018.8257 86430 7665 925430 34685 311172 481
ma-path-finding g16_p10_a20 16 timeout 1003.2561 66726 6805 930890 23075 354812 481
ma-path-finding g16_p10_a20 32 timeout 1002.5649 64542 13546 926569 11228 467823 481
ma-path-finding g16_p20_a20 1 timeout 1000.9032 262373 11 738844 356459 356459 447
ma-path-finding g16_p20_a20 2 sat 1000.25275 204445 2116 794011 186873 329660 445
ma-path-finding g16_p20_a20 4 sat 1007.7025 120696 12059 875412 86572 321947 453
ma-path-finding g16_p20_a20 8 sat 1002.06647 76547 23445 902665 37942 330310 472
ma-path-finding g16_p20_a20 16 timeout 1024.2904 65904 10311 948803 21811 383365 481
ma-path-finding g16_p20_a20 32 timeout 1010.8557 62752 33229 916031 13569 514872 481
ma-path-finding g24_p10_a05 1 timeout 1000.2118 721372 16 279294 223932 223932 110
ma-path-finding g24_p10_a05 2 timeout 1000.73737 525449 3828 471849 151312 274879 116
ma-path-finding g24_p10_a05 4 sat 1001.62494 309180 17277 675684 88139 326167 120
ma-path-finding g24_p10_a05 8 sat 1001.4474 195610 22904 786891 51324 405123 158
ma-path-finding g24_p10_a05 16 timeout 1003.9323 146746 15097 843618 30448 486545 196
ma-path-finding g24_p10_a05 32 timeout 1004.13367 107715 55611 852298 12344 539197 196
mapping full2x2_mp3 1 timeout 1000.0007 852800 11 146799 57015160 57015160 1100
mapping full2x2_mp3 2 timeout 1000.02966 469574 61 530398 26062710 51495328 1100
mapping full2x2_mp3 4 sat 1001.0194 247216 499 753308 11907719 48960167 1100
mapping full2x2_mp3 8 sat 1000.47845 138476 936 861073 5821873 46114226 1100
mapping full2x2_mp3 16 sat 1002.4678 71868 1559 929055 2322641 39253834 1100
mapping full2x2_mp3 32 sat 1007.16705 34626 3305 969243 884920 34954489 1100
mapping mesh3x3_mp3_2 1 timeout 1000.20154 690643 7 309555 10041345 10041345 10001
mapping mesh3x3_mp3_2 2 timeout 1000.72565 399849 167 600715 5038210 10056178 10001
mapping mesh3x3_mp3_2 4 timeout 1001.20184 193341 489 807381 2183116 8740881 10001
mapping mesh3x3_mp3_2 8 timeout 1000.71826 93100 1274 906356 924320 7543862 10001
mapping mesh3x3_mp3_2 16 timeout 1004.7481 47024 1783 955956 439380 7058455 10001
mapping mesh3x3_mp3_2 32 timeout 1028.9734 25406 3035 1000556 200014 6805273 10001
mapping mesh3x3_mpeg 1 timeout 1000.0675 138434 3 861636 389051 389051 10001
mapping mesh3x3_mpeg 2 timeout 1003.4661 73303 523 929650 182106 342116 10001
mapping mesh3x3_mpeg 4 timeout 1001.70465 31034 782 969903 64029 258326 10001
mapping mesh3x3_mpeg 8 timeout 1040.0222 16258 1243 1022527 32771 244745 10001
mapping mesh3x3_mpeg 16 timeout 1031.4393 8688 1741 1021023 15280 231905 10001
mapping mesh3x3_mpeg 32 timeout 1247.7921 6147 3353 1238301 9151 293202 10001
mapping mesh_star_2 1 timeout 1001.2316 60784 3 940449 173907 173907 10001
mapping mesh_star_2 2 timeout 1028.4369 35428 335 992682 88595 177050 10001
mapping mesh_star_2 4 timeout 1024.8032 14759 547 1009505 41037 179213 10001
mapping mesh_star_2 8 timeout 1061.9324 10423 953 1050578 18328 140627 10001
mapping mesh_star_2 16 timeout 1087.8285 6589 1910 1079351 16118 160562 10001
mapping mesh_star_2 32 timeout 1091.8054 3766 2216 1085854 4519 156271 10001
mapping ring_mp3 1 timeout 1000.0535 664030 11 336016 17063134 17063134 1268
mapping ring_mp3 2 timeout 1001.25885 354040 172 647053 8295018 16443390 1212
mapping ring_mp3 4 sat 1000.8621 193512 434 806923 3983036 15920136 1212
mapping ring_mp3 8 sat 1000.1792 97768 1422 900997 1932155 15226518 1212
mapping ring_mp3 16 timeout 1010.96674 46057 2028 962895 656029 11370449 1212
mapping ring_mp3 32 sat 1016.77496 26602 2928 987265 399643 12007701 1212
mario mario_medium_1 1 timeout 1000.0587 935212 10 64838 17943586 17943586 1396
mario mario_medium_1 2 sat 538.6341 462927 20 75674 8056661 16119646 1477
mario mario_medium_1 4 sat 1000.1541 415310 194 584652 6108397 24231978 1309
mario mario_medium_1 8 timeout 1001.61066 217578 1101 782934 2796314 22062234 1339
mario mario_medium_1 16 sat 1000.37805 101489 1589 897304 1167387 19248024 1330
mario mario_medium_1 32 sat 1002.9753 53727 2620 946633 580820 18572283 1310
mario mario_medium_3 1 timeout 1000.10834 927568 10 72531 18445097 18445097 1293
mario mario_medium_3 2 timeout 1000.2106 735697 29 264487 12772138 25555415 1348
mario mario_medium_3 4 timeout 1000.6663 426049 249 574370 6350747 24641178 1348
mario mario_medium_3 8 sat 1000.48413 217725 900 781862 2890747 23057903 1324
mario mario_medium_3 16 sat 1003.4403 104205 1605 897634 1281872 20405152 1293
mario mario_medium_3 32 sat 1006.4024 49595 2632 954180 549047 17873387 1312
mario mario_medium_4 1 timeout 1000.0821 920154 11 79919 18249640 18249640 1010
mario mario_medium_4 2 timeout 1000.34625 696046 36 304266 12132728 24002852 1010
mario mario_medium_4 4 timeout 1000.97736 376579 720 623682 5610448 23090707 1043
mario mario_medium_4 8 sat 1000.50665 197591 1178 801741 2520406 20615658 1030
mario mario_medium_4 16 sat 1002.0744 82730 1438 917908 1059303 16928522 994
mario mario_medium_4 32 sat 1008.5244 42999 2584 962949 497617 15434335 1048
mario mario_medium_5 1 sat 202.28413 199585 3 2419 3845919 3845919 1035
mario mario_medium_5 2 sat 190.85425 181903 6 8609 3093037 6224902 1035
mario mario_medium_5 4 sat 87.71541 80923 69 6553 1397184 5368147 1035
mario mario_medium_5 8 sat 63.558006 50460 77 13023 716299 5794771 1035
mario mario_medium_5 16 sat 144.87032 47682 127 97065 546327 8612150 1035
mario mario_medium_5 32 sat 122.9797 26208 419 96232 293159 9145305 1035
mario mario_n_medium_1 1 sat 164.26129 162902 3 1100 3639123 3639123 1062
mario mario_n_medium_1 2 sat 92.64528 91145 35 1338 1864000 3687254 1062
mario mario_n_medium_1 4 sat 47.44868 45811 9 1193 931490 3717900 1062
mario mario_n_medium_1 8 sat 31.035156 29326 9 1702 537052 4201641 1062
mario mario_n_medium_1 16 sat 20.690401 18068 16 2483 301042 4839301 1062
mario mario_n_medium_1 32 sat 17.715126 12538 23 5107 170323 5721871 1062
neighbours neighbours1 1 sat 351.0003 346557 4 3949 10766010 10766010 63
neighbours neighbours1 2 sat 182.56657 178103 80 4329 4964142 9699514 63
neighbours neighbours1 4 sat 103.06379 99414 16 3625 2762000 10516900 63
neighbours neighbours1 8 sat 54.325752 50882 59 3096 1397953 11028241 63
neighbours neighbours1 16 sat 37.179184 32435 106 4532 701495 11509380 63
neighbours neighbours1 32 sat 26.646544 19998 60 6608 417568 13160866 63
neighbours neighbours3 1 timeout 1000.04694 937523 9 62518 63768713 63768713 71
neighbours neighbours3 2 timeout 1000.22797 728926 125 271182 37253221 73789159 71
neighbours neighbours3 4 sat 1000.001 589932 249 409716 24735955 100233275 71
neighbours neighbours3 8 sat 1000.1089 380966 1231 617919 14504185 115571870 71
neighbours neighbours3 16 timeout 1001.2292 195900 2546 802795 5563583 87354028 71
neighbours neighbours3 32 timeout 1000.1158 74824 3401 921905 2219927 70606625 71
neighbours neighbours5 1 timeout 1000.1211 902109 10 98006 70525176 70525176 143
neighbours neighbours5 2 sat 1000.5369 547280 34 453227 36923598 73676382 143
neighbours neighbours5 4 timeout 1001.0419 305719 246 695084 18609224 72989168 145
neighbours neighbours5 8 sat 1000.0006 174122 1247 824304 9897077 78824625 142
neighbours neighbours5 16 sat 1000.63495 88524 1526 910612 4577406 73853549 144
neighbours neighbours5 32 sat 1004.0084 40218 3762 960064 1732677 59460475 144
neighbours neighbours7 1 timeout 1000.07025 936934 9 63131 34462428 34462428 92
neighbours neighbours7 2 timeout 1000.29596 779253 137 220912 23196120 44471483 92
neighbours neighbours7 4 sat 1000.0099 493454 149 506414 13097959 54890197 92
neighbours neighbours7 8 sat 1000.07556 284390 932 714766 6869141 57002464 92
neighbours neighbours7 16 timeout 1000.04144 143167 1752 855136 3483291 55034445 93
neighbours neighbours7 32 sat 1001.38324 68589 2943 929872 1418965 44095072 93
neighbours neighbours9 1 timeout 1000.08325 917230 15 82844 74620961 74620961 91
neighbours neighbours9 2 timeout 1000.47614 663153 261 337068 38940456 78171259 91
neighbours neighbours9 4 timeout 1000.35767 424030 372 575962 22509348 88110043 92
neighbours neighbours9 8 timeout 1000.8648 247869 1815 751193 13047009 102987840 91
neighbours neighbours9 16 sat 1000.0007 122128 2930 874722 5506784 88006320 91
neighbours neighbours9 32 timeout 1000.0091 56236 3382 940414 2034285 64130396 91
on-call-rostering 10s-100d-C 1 timeout 1000.06335 927061 12 72993 48274362 48274362 47
on-call-rostering 10s-100d-C 2 sat 1000.0006 661066 39 338672 29378367 58975844 47
on-call-rostering 10s-100d-C 4 sat 1000.43854 365403 208 634832 14893714 58895289 47
on-call-rostering 10s-100d-C 8 timeout 1001.24866 202141 950 798164 7896871 62362716 47
on-call-rostering 10s-100d-C 16 sat 1000.79706 101371 1794 897640 3347536 54931400 47
on-call-rostering 10s-100d-C 32 sat 1000.96747 48321 3310 949350 1359334 43659454 47
on-call-rostering 20s-100d-B 1 timeout 1000.1664 670281 10 329877 8115023 8115023 18
on-call-rostering 20s-100d-B 2 sat 1001.12897 385748 436 614949 4243027 8326732 19
on-call-rostering 20s-100d-B 4 sat 1000.66895 187779 1422 811469 1815826 7175193 19
on-call-rostering 20s-100d-B 8 sat 1002.87604 100415 2625 899849 865418 6847120 19
on-call-rostering 20s-100d-B 16 sat 1008.1709 53388 4085 950715 372631 6417814 18
on-call-rostering 20s-100d-B 32 sat 1008.05457 37716 5537 964816 126512 3980104 19
on-call-rostering 2s-200d 1 timeout 1000.0241 970128 8 29892 24866227 24866227 65
on-call-rostering 2s-200d 2 timeout 1000.1295 844270 76 155792 21413153 43050801 66
on-call-rostering 2s-200d 4 sat 1000.0009 697484 249 301921 12969440 52551212 65
on-call-rostering 2s-200d 8 sat 1000.0007 472399 998 526592 8351353 66405595 66
on-call-rostering 2s-200d 16 sat 1000.66205 258098 2792 739795 4155098 64808459 65
on-call-rostering 2s-200d 32 sat 1001.63 115485 9512 876649 1605118 52530044 66
on-call-rostering 30s-400d-A 1 timeout 1000.2545 178971 6 821283 3570965 3570965 20
on-call-rostering 30s-400d-A 2 sat 1005.0478 91175 1261 912617 1515997 3056192 19
on-call-rostering 30s-400d-A 4 sat 1010.91125 48862 2849 959210 579642 2382006 18
on-call-rostering 30s-400d-A 8 sat 1026.073 34384 10443 981257 250464 1988968 19
on-call-rostering 30s-400d-A 16 sat 1071.4336 39450 9498 1022504 138260 2390542 20
on-call-rostering 30s-400d-A 32 sat 1015.4099 41952 10236 963271 63448 1890069 20
on-call-rostering 4s-100d 1 timeout 1000.226 877092 8 123129 29839735 29839735 19
on-call-rostering 4s-100d 2 timeout 1000.477 558299 39 442144 14750959 29868609 20
on-call-rostering 4s-100d 4 timeout 1001.8554 292119 241 709501 8238443 32532595 21
on-call-rostering 4s-100d 8 sat 1001.5863 151259 936 849400 3545560 28281094 20
on-call-rostering 4s-100d 16 sat 1001.0758 74791 1565 924733 1792540 29223648 19
on-call-rostering 4s-100d 32 timeout 1000.0865 35330 2991 961781 764288 23716755 20
opd flener_et_al_15_350_100 1 timeout 1001.34503 249947 13 751408 4107059 4107059 84
opd flener_et_al_15_350_100 2 sat 1001.61664 139923 945 860785 1626343 3062504 86
opd flener_et_al_15_350_100 4 sat 1004.1949 73454 12023 918753 580405 2740149 86
opd flener_et_al_15_350_100 8 sat 1005.3868 56388 7871 941249 279534 2004071 84
opd flener_et_al_15_350_100 16 sat 1006.4521 45224 11915 949496 97628 2040721 86
opd flener_et_al_15_350_100 32 sat 1052.0944 47692 13862 990933 46002 1470777 86
opd medium_13_250_80 1 timeout 1001.8122 193520 13 808292 6271573 6271573 68
opd medium_13_250_80 2 timeout 1000.3647 111262 1226 887900 2709321 5490217 67
opd medium_13_250_80 4 sat 1004.81836 53800 9318 941736 880289 3704478 68
opd medium_13_250_80 8 sat 1008.9679 39307 6285 963480 417470 3427149 67
opd medium_13_250_80 16 sat 1009.8254 29380 6524 974049 187354 2876975 69
opd medium_13_250_80 32 sat 1001.14453 26226 7947 967248 85400 2572128 68
opd small_bibd_06_50_25 1 timeout 1000.06036 934671 11 65382 64122911 64122911 11
opd small_bibd_06_50_25 2 timeout 1000.391 707469 122 292803 38543787 77236904 11
opd small_bibd_06_50_25 4 sat 1000.2563 504041 120 496099 24733939 97137629 11
opd small_bibd_06_50_25 8 timeout 1000.73584 311741 1393 687613 13172851 105999464 11
opd small_bibd_06_50_25 16 sat 359.46185 97415 830 260912 4250136 68137479 11
opd small_bibd_06_50_25 32 timeout 1000.17365 70689 6484 923017 2265751 75666418 11
opd small_bibd_06_60_30 1 timeout 1000.0648 926441 10 73616 59126038 59126038 13
opd small_bibd_06_60_30 2 timeout 1000.2053 680178 56 319976 34168409 68238498 13
opd small_bibd_06_60_30 4 timeout 1000.47577 455515 196 544769 20805957 82300886 13
opd small_bibd_06_60_30 8 sat 1000.2159 262519 1153 736555 10353953 82898650 13
opd small_bibd_06_60_30 16 sat 1000.4907 140784 2779 856941 5301155 84662266 13
opd small_bibd_06_60_30 32 timeout 1000.1495 60180 4971 935012 1779210 57585503 13
opd small_bibd_08_28_14 1 timeout 1000.1067 914846 9 85254 53303321 53303321 7
opd small_bibd_08_28_14 2 timeout 1000.3846 662478 79 337833 30011422 60179106 7
opd small_bibd_08_28_14 4 timeout 1000.4234 388843 324 611263 15741601 61607768 7
opd small_bibd_08_28_14 8 sat 1000.232 241174 789 758275 8874540 70185306 7
opd small_bibd_08_28_14 16 timeout 1000.42096 127573 2771 870092 4247211 68771508 7
opd small_bibd_08_28_14 32 timeout 1000.1101 59306 4499 936320 1676428 55054967 7
opt-cryptanalysis2017 r11 1 timeout 1000.0202 982621 4 17398 4187620 4187620 65
opt-cryptanalysis2017 r11 2 timeout 1000.0788 917974 489 81618 3778238 7642798 65
opt-cryptanalysis2017 r11 4 timeout 1000.2164 710095 1049 289075 2830919 10926990 65
opt-cryptanalysis2017 r11 8 timeout 1000.0011 395596 1607 602786 1289736 9759244 65
opt-cryptanalysis2017 r11 16 timeout 1000.1672 223077 2044 775052 572594 8851365 65
opt-cryptanalysis2017 r11 32 timeout 1000.33295 111109 2994 886235 276839 9457922 65
opt-cryptanalysis2017 r15 1 timeout 1000.00653 985129 4 14875 2677533 2677533 65
opt-cryptanalysis2017 r15 2 timeout 1000.0385 936753 258 63031 2226051 4536498 65
opt-cryptanalysis2017 r15 4 timeout 1000.3159 730149 975 269195 1866682 7293863 65
opt-cryptanalysis2017 r15 8 timeout 1000.9588 430837 1763 568363 871058 7007017 65
opt-cryptanalysis2017 r15 16 timeout 1000.36456 235831 978 763563 421669 6497982 65
opt-cryptanalysis2017 r15 32 timeout 1001.2033 122991 3470 874746 200965 6686900 65
opt-cryptanalysis2017 r5 1 timeout 1000.04504 966910 6 33132 15265140 15265140 65
opt-cryptanalysis2017 r5 2 timeout 1000.0007 840869 26 158785 11789142 23734978 65
opt-cryptanalysis2017 r5 4 timeout 1000.24194 571160 126 428957 7040504 28370856 65
opt-cryptanalysis2017 r5 8 timeout 1000.0905 319497 968 679630 3351800 25730752 65
opt-cryptanalysis2017 r5 16 timeout 1000.0917 163556 1937 834603 1723332 27610246 65
opt-cryptanalysis2017 r5 32 timeout 1002.9343 86974 3266 912697 760584 24380840 65
opt-cryptanalysis2017 r7 1 timeout 1000.0763 974184 5 25889 6637682 6637682 65
opt-cryptanalysis2017 r7 2 timeout 1000.0997 894057 233 105811 6262792 12414275 65
opt-cryptanalysis2017 r7 4 timeout 1000.06586 668729 431 330907 4042227 16147657 65
opt-cryptanalysis2017 r7 8 timeout 1000.10236 363274 1251 635580 1732654 14851724 65
opt-cryptanalysis2017 r7 16 timeout 1000.97437 192599 1769 806611 937731 14960136 65
opt-cryptanalysis2017 r7 32 timeout 1003.52026 102883 3000 897641 455571 14443826 65
opt-cryptanalysis2017 r9 1 timeout 1000.0097 978417 7 21588 5126452 5126452 65
opt-cryptanalysis2017 r9 2 timeout 1000.0521 919947 306 79801 4469349 9117308 65
opt-cryptanalysis2017 r9 4 timeout 1000.2624 677645 979 321641 3186404 12456595 65
opt-cryptanalysis2017 r9 8 timeout 1000.2057 387686 1204 611318 1449273 12181300 65
opt-cryptanalysis2017 r9 16 timeout 1001.15247 206239 2212 792703 689048 10862917 65
opt-cryptanalysis2017 r9 32 timeout 1000.8554 105558 3075 892228 354367 11567132 65
opt-cryptanalysis2018 r10 1 timeout 1000.03876 979823 4 20212 4913042 4913042 65
opt-cryptanalysis2018 r10 2 timeout 1000.12524 922415 500 77212 3852667 7716740 65
opt-cryptanalysis2018 r10 4 timeout 1000.3359 681204 1540 317595 2824989 11603072 65
opt-cryptanalysis2018 r10 8 timeout 1000.54236 391739 1307 607498 1374765 10793771 65
opt-cryptanalysis2018 r10 16 timeout 1001.3524 212014 2096 787249 621472 9967995 65
opt-cryptanalysis2018 r10 32 timeout 1001.3216 112072 2988 886265 293686 10136799 65
opt-cryptanalysis2018 r12 1 timeout 1000.0185 980821 4 19195 3980832 3980832 65
opt-cryptanalysis2018 r12 2 timeout 1000.13055 926283 244 73605 3286309 6506993 65
opt-cryptanalysis2018 r12 4 timeout 1000.2084 705241 589 294380 2580244 9848788 65
opt-cryptanalysis2018 r12 8 timeout 1000.251 406576 1380 592300 1166424 9216206 65
opt-cryptanalysis2018 r12 16 timeout 1001.21704 224379 1994 774848 548649 8727222 65
opt-cryptanalysis2018 r12 32 timeout 1002.5511 119467 3493 879595 259963 8744292 65
opt-cryptanalysis2018 r14 1 timeout 1000.01276 982650 4 17360 3110195 3110195 65
opt-cryptanalysis2018 r14 2 timeout 1000.09375 925867 412 73818 2813129 5657568 65
opt-cryptanalysis2018 r14 4 timeout 1000.34454 725150 1143 274055 2204034 8806143 65
opt-cryptanalysis2018 r14 8 timeout 1000.9749 413829 1209 585941 1027883 8694538 65
opt-cryptanalysis2018 r14 16 timeout 1000.6525 236950 2260 761449 509260 8040162 65
opt-cryptanalysis2018 r14 32 timeout 1002.0032 118578 3150 880282 214423 7725409 65
opt-cryptanalysis2018 r6 1 timeout 1000.02844 969973 6 30051 11097814 11097814 65
opt-cryptanalysis2018 r6 2 timeout 1000.06854 877377 116 122578 8914469 18241422 65
opt-cryptanalysis2018 r6 4 timeout 1000.30597 596070 110 404128 5394459 21957089 65
opt-cryptanalysis2018 r6 8 timeout 1000.07416 335198 911 663968 2619869 21603424 65
opt-cryptanalysis2018 r6 16 timeout 1001.5507 180522 1523 819510 1437798 22869203 65
opt-cryptanalysis2018 r6 32 timeout 1000.00116 89909 3091 907005 582765 18984408 65
opt-cryptanalysis2018 r8 1 timeout 1000.0159 978847 5 21166 6176470 6176470 65
opt-cryptanalysis2018 r8 2 timeout 1000.056 913140 117 86801 5100143 10106618 65
opt-cryptanalysis2018 r8 4 timeout 1000.19073 663080 780 336333 3610079 14237146 65
opt-cryptanalysis2018 r8 8 timeout 1000.386 375354 1106 623928 1696969 13579803 65
opt-cryptanalysis2018 r8 16 timeout 1000.16284 205717 1885 792565 871163 13661189 65
opt-cryptanalysis2018 r8 32 timeout 1001.8249 104201 2894 894736 410415 13133175 65
racp j30_13_6_1.25 1 timeout 1000.38055 875214 6 125164 8803047 8803047 474
racp j30_13_6_1.25 2 sat 1000.0006 537690 175 462002 4971770 9932255 476
racp j30_13_6_1.25 4 sat 1000.914 293112 965 706849 2309161 9627526 470
racp j30_13_6_1.25 8 timeout 1001.267 135666 868 864758 928045 7536986 472
racp j30_13_6_1.25 16 sat 1005.0826 66144 1601 937379 430178 7011987 470
racp j30_13_6_1.25 32 sat 1014.92566 32916 3144 978897 195889 6148031 451
racp j30_14_7_1.25 1 timeout 1000.0585 854882 6 145174 8972508 8972508 650
racp j30_14_7_1.25 2 timeout 1000.536 528380 504 471659 4726415 9410482 564
racp j30_14_7_1.25 4 sat 1000.44507 284117 480 715860 2296096 9047393 604
racp j30_14_7_1.25 8 sat 1000.0384 131418 1524 867111 997527 8020920 599
racp j30_14_7_1.25 16 sat 1006.1075 61132 2742 942254 444191 7082566 610
racp j30_14_7_1.25 32 sat 1010.383 29099 3333 977972 202016 6118849 605
racp j30_26_2_1.0 1 sat 98.51021 98040 2 465 948114 948114 704
racp j30_26_2_1.0 2 sat 71.8071 70489 14 1010 616800 1250927 704
racp j30_26_2_1.0 4 sat 32.013504 31130 8 886 267778 1120909 704
racp j30_26_2_1.0 8 sat 19.11216 17987 17 1023 148153 1206480 704
racp j30_26_2_1.0 16 sat 14.247636 11677 29 2373 88738 1365838 704
racp j30_26_2_1.0 32 sat 10.680745 6380 216 4098 39761 1379378 704
racp j60_14_7_1.25 1 timeout 1000.1714 759326 5 240851 3193992 3193992 1235
racp j60_14_7_1.25 2 timeout 1000.55133 424322 191 576057 1585958 3153257 1264
racp j60_14_7_1.25 4 sat 1001.3574 217223 566 783596 698672 2767426 1251
racp j60_14_7_1.25 8 sat 1001.0895 104946 1047 895158 306007 2488071 1183
racp j60_14_7_1.25 16 sat 1006.934 50425 2853 953737 139042 2244538 1217
racp j60_14_7_1.25 32 sat 1003.9886 27446 4817 971852 69219 2203807 1224
racp j60_29_10_1.0 1 timeout 1000.19574 895830 5 104373 4025511 4025511 1355
racp j60_29_10_1.0 2 sat 1000.0239 633038 212 366793 2577328 5164926 1394
racp j60_29_10_1.0 4 timeout 1001.44525 324017 606 676854 1190460 4642269 1397
racp j60_29_10_1.0 8 sat 1002.41595 157640 3196 841625 527917 4135421 1376
racp j60_29_10_1.0 16 sat 1000.1493 76325 2252 921680 235455 3766183 1396
racp j60_29_10_1.0 32 sat 1004.9155 40470 3347 961250 111895 3621605 1332
rel2onto 3_9 1 sat 809.3762 799544 4 9465 1746483 1746483 76872
rel2onto 3_9 2 sat 678.5486 641872 13 36633 1046991 2071893 70802
rel2onto 3_9 4 sat 343.88986 307077 166 36284 467597 1931254 76872
rel2onto 3_9 8 sat 218.29965 159773 257 58025 229329 1829236 70802
rel2onto 3_9 16 sat 178.08719 88312 381 89416 107951 1706075 70802
rel2onto 3_9 32 sat 365.19 59642 1341 304232 68164 2193923 70802
rel2onto 5_17 1 timeout 1000.0111 984267 4 15746 2314317 2314317 158395
rel2onto 5_17 2 timeout 1000.0233 936841 345 62848 1773328 3534881 159516
rel2onto 5_17 4 timeout 1000.1957 768572 30 231609 1334125 5458740 158395
rel2onto 5_17 8 sat 1000.47205 379216 1236 620049 577234 4552086 162939
rel2onto 5_17 16 timeout 1000.9973 267171 2055 731809 355248 5656238 159516
rel2onto 5_17 32 sat 1001.05316 147829 3900 849374 194422 6141851 158395
rel2onto 5_28 1 timeout 1000.01086 983537 5 16475 1667152 1667152 177737
rel2onto 5_28 2 timeout 1000.06555 908281 27 91766 1311306 2689625 184086
rel2onto 5_28 4 timeout 1000.42566 712745 591 287106 944690 3743265 180841
rel2onto 5_28 8 sat 1000.101 404761 2234 593129 432028 3510033 179276
rel2onto 5_28 16 sat 1001.16425 220686 2017 778518 206592 3307127 180841
rel2onto 5_28 32 sat 1000.5579 106181 3234 891192 104003 3271429 184431
rel2onto 5_5 1 timeout 1000.0253 979795 5 20233 1618797 1618797 180314
rel2onto 5_5 2 timeout 1000.0708 924153 148 75781 1110300 2229927 182314
rel2onto 5_5 4 timeout 1000.2915 767232 751 232324 842640 3397703 174905
rel2onto 5_5 8 timeout 1000.9542 371627 958 628392 370232 2923130 174905
rel2onto 5_5 16 timeout 1000.0026 223725 2067 774256 195802 3095476 180057
rel2onto 5_5 32 sat 1001.2259 97473 4771 899034 88876 2817499 182224
rel2onto 5_6 1 timeout 1000.0143 980139 5 19876 2060355 2060355 164363
rel2onto 5_6 2 timeout 1000.04504 932362 310 67384 1364286 2721571 163993
rel2onto 5_6 4 timeout 1000.1081 802966 607 196549 1104776 4306310 161942
rel2onto 5_6 8 timeout 1000.41174 414360 1239 584830 484785 3864417 161950
rel2onto 5_6 16 sat 1000.69794 218620 2317 779788 226195 3604580 161519
rel2onto 5_6 32 sat 1000.002 133557 3540 862937 123776 3994289 156297
road-cons road_17 1 timeout 1000.017 990532 11 9491 165290 165290 14031971
road-cons road_17 2 sat 1000.0021 937620 8695 53404 153847 307957 8024238
road-cons road_17 4 timeout 1000.193 824856 23059 152348 139107 550431 136000001
road-cons road_17 8 timeout 1000.05347 624589 99798 275788 122341 988006 136000001
road-cons road_17 16 timeout 1000.35693 519893 49579 431061 93706 1468745 136000001
road-cons road_17 32 timeout 1000.59344 379805 55621 565511 65337 2075189 136000001
road-cons road_18 1 timeout 1000.0338 973099 15 26937 286098 286098 12022
road-cons road_18 2 sat 1000.17194 851374 4121 144716 246137 490682 11296
road-cons road_18 4 sat 1000.0169 612281 94232 293253 214318 889315 12737
road-cons road_18 8 sat 1000.3884 315989 271241 413211 125683 1303208 12366
road-cons road_18 16 sat 1000.8433 374136 69990 556949 113951 1739896 11911
road-cons road_18 32 sat 1001.75616 124135 235746 642204 41732 2321183 12654
road-cons road_25 1 timeout 1000.0586 999283 13 798 398612 398612 300000001
road-cons road_25 2 timeout 1000.0489 990173 7205 2851 364227 712647 300000001
road-cons road_25 4 timeout 1000.05505 965672 28898 5914 322505 1318921 300000001
road-cons road_25 8 timeout 1000.08636 948534 38398 13800 302205 2391570 300000001
road-cons road_25 16 timeout 1000.08716 921821 38344 40834 284903 4456508 300000001
road-cons road_25 32 timeout 1000.1814 881397 44350 76228 244041 7771743 300000001
road-cons road_26 1 timeout 1000.0611 999232 13 977 364933 364933 325000001
road-cons road_26 2 timeout 1000.0677 972615 25089 2556 324149 634295 325000001
road-cons road_26 4 timeout 1000.12354 952058 39666 8809 305092 1195963 325000001
road-cons road_26 8 timeout 1000.076 935631 52426 12425 279394 2132612 325000001
road-cons road_26 16 timeout 1000.12714 848719 110510 41895 227744 3974677 325000001
road-cons road_26 32 timeout 1000.142 800491 105901 95153 201160 6873542 325000001
rspsp-wet j30_1_3-wet 1 sat 48.78401 48369 1 136 1104428 1104428 93
rspsp-wet j30_1_3-wet 2 sat 30.16859 29743 10 253 661031 1296114 93
rspsp-wet j30_1_3-wet 4 sat 15.523266 15141 6 362 308991 1206960 93
rspsp-wet j30_1_3-wet 8 sat 11.644174 11234 10 287 197762 1576122 93
rspsp-wet j30_1_3-wet 16 sat 9.439383 8089 13 917 130273 1963834 93
rspsp-wet j30_1_3-wet 32 sat 7.0451865 5686 20 1348 76600 2545465 93
rspsp-wet j30_43_10-wet 1 timeout 1000.0189 981831 6 18184 8224820 8224820 124
rspsp-wet j30_43_10-wet 2 timeout 1000.04254 934370 234 65441 7293960 14609591 124
rspsp-wet j30_43_10-wet 4 timeout 1000.2575 816658 167 183436 5474858 21267047 124
rspsp-wet j30_43_10-wet 8 sat 1000.0006 484782 1031 513776 2604844 20752111 124
rspsp-wet j30_43_10-wet 16 sat 1000.6136 276526 1608 722485 1367255 21901455 124
rspsp-wet j30_43_10-wet 32 sat 1001.5783 122619 2752 876216 502420 16250429 124
rspsp-wet j60_19_6-wet 1 timeout 1000.0348 935884 6 64146 13543602 13543602 436
rspsp-wet j60_19_6-wet 2 timeout 1000.22076 761966 316 237941 10619058 21139934 426
rspsp-wet j60_19_6-wet 4 timeout 1000.91614 410850 263 589808 4835488 19603030 429
rspsp-wet j60_19_6-wet 8 sat 1000.17957 222187 745 777251 2446969 19622953 425
rspsp-wet j60_19_6-wet 16 sat 1000.7495 111041 1556 888158 1080287 17032376 440
rspsp-wet j60_19_6-wet 32 timeout 1000.0277 56103 2627 941308 471444 15124092 442
rspsp-wet j60_28_3-wet 1 timeout 1000.034 933476 6 66555 6598195 6598195 473
rspsp-wet j60_28_3-wet 2 timeout 1000.3269 711418 120 288791 5108125 9563270 459
rspsp-wet j60_28_3-wet 4 timeout 1000.1725 440166 1100 558910 2577517 10417507 463
rspsp-wet j60_28_3-wet 8 sat 1000.0006 234134 1338 764306 1332647 10384426 454
rspsp-wet j60_28_3-wet 16 sat 1000.142 112872 1729 885549 546809 8683285 461
rspsp-wet j60_28_3-wet 32 sat 1001.606 64241 3667 933701 300411 9570596 463
rspsp-wet j90_48_4-wet 1 timeout 1000.1038 836750 5 163351 3792433 3792433 1160
rspsp-wet j90_48_4-wet 2 sat 1000.00055 488338 364 510856 1985598 3957728 1172
rspsp-wet j90_48_4-wet 4 sat 1000.6684 293401 1163 706110 1138320 4409682 1171
rspsp-wet j90_48_4-wet 8 timeout 1004.1594 140967 1237 861963 491826 3955466 1174
rspsp-wet j90_48_4-wet 16 sat 1002.5566 75517 1750 925298 273206 4298746 1171
rspsp-wet j90_48_4-wet 32 sat 1005.4067 37548 3519 964347 132992 4113441 1189
seat-moving sm-10-12-00 1 timeout 1000.20746 784771 10 215429 11569355 11569355 562
seat-moving sm-10-12-00 2 timeout 1000.8085 395902 101 604809 4417607 8780608 469
seat-moving sm-10-12-00 4 sat 1001.5541 213464 637 787463 2046858 8200355 560
seat-moving sm-10-12-00 8 sat 1002.49066 95266 1188 906053 1139107 9277921 749
seat-moving sm-10-12-00 16 sat 1007.1433 49342 1739 956095 445362 7056495 574
seat-moving sm-10-12-00 32 sat 1003.9868 27651 3003 973360 202160 6385182 656
seat-moving sm-10-20-05 1 sat 458.82947 444081 4 14472 6846723 6846723 90
seat-moving sm-10-20-05 2 sat 68.202034 65916 41 2089 1061239 2182698 90
seat-moving sm-10-20-05 4 sat 182.3005 137474 47 44715 2504474 9465368 90
seat-moving sm-10-20-05 8 sat 63.384457 41608 32 21560 530898 4270880 90
seat-moving sm-10-20-05 16 sat 302.59448 47041 398 255171 515275 8201096 90
seat-moving sm-10-20-05 32 sat 4.799295 2798 12 2004 24421 738019 90
seat-moving sm-15-12-00 1 timeout 1001.1943 325368 5 675826 2737481 2737481 1651
seat-moving sm-15-12-00 2 timeout 1002.3764 164470 171 837746 1763755 3438408 1419
seat-moving sm-15-12-00 4 timeout 1001.1997 79957 297 920958 583642 2368662 1651
seat-moving sm-15-12-00 8 timeout 1010.7805 38473 771 971562 221156 1753640 1651
seat-moving sm-15-12-00 16 timeout 1003.5115 17442 1554 984558 116624 1845138 1651
seat-moving sm-15-12-00 32 sat 1031.3182 10842 3351 1017171 53686 1762190 1419
seat-moving sm-15-20-00 1 timeout 1000.21246 738682 7 261526 9365963 9365963 208
seat-moving sm-15-20-00 2 sat 1000.341 402304 175 597866 4439517 8817189 208
seat-moving sm-15-20-00 4 sat 1000.6498 202631 317 797709 1920797 7734529 208
seat-moving sm-15-20-00 8 timeout 1001.33685 95335 816 905197 775930 6509876 208
seat-moving sm-15-20-00 16 sat 1005.4501 42817 1594 961063 356393 5756877 208
seat-moving sm-15-20-00 32 timeout 1000.018 20090 2604 977352 154800 5034042 208
seat-moving sm-20-20-00 1 timeout 1000.0425 538304 7 461735 6773674 6773674 282
seat-moving sm-20-20-00 2 sat 1000.0887 287820 122 712151 3144239 6267002 283
seat-moving sm-20-20-00 4 timeout 1003.71765 142915 507 860300 1123187 4520218 283
seat-moving sm-20-20-00 8 timeout 1007.6457 66616 836 940208 564441 4488670 283
seat-moving sm-20-20-00 16 sat 1011.04175 32352 1633 977085 233968 3829804 282
seat-moving sm-20-20-00 32 sat 1023.0776 17052 2687 1003372 105683 3349750 282
steelmillslab bench_13_0 1 timeout 1000.0612 563605 11 436469 1173526 1173526 1111
steelmillslab bench_13_0 2 timeout 1000.84717 303580 805 696492 595032 1165253 1111
steelmillslab bench_13_0 4 timeout 1002.52313 139139 28906 834530 246976 1091432 1111
steelmillslab bench_13_0 8 timeout 1003.553 80927 14956 907769 147988 1079020 1111
steelmillslab bench_13_0 16 timeout 1009.3937 30197 19961 959320 38872 1104903 1111
steelmillslab bench_13_0 32 timeout 1004.77673 22580 8888 973602 31085 1098621 1111
steelmillslab bench_14_1 1 timeout 1000.0519 558206 7 441865 1212585 1212585 1111
steelmillslab bench_14_1 2 timeout 1002.1367 308798 913 692491 634648 1222973 1111
steelmillslab bench_14_1 4 timeout 1001.2556 164316 1151 835882 347061 1350269 1111
steelmillslab bench_14_1 8 timeout 1003.34607 92891 4628 906000 158329 995219 1111
steelmillslab bench_14_1 16 timeout 1019.25793 46998 5108 967305 78622 1140629 1111
steelmillslab bench_14_1 32 timeout 1033.8524 24876 4620 1004581 35890 1034458 1111
steelmillslab bench_15_11 1 timeout 1000.0404 562943 9 437112 1282382 1282382 1555
steelmillslab bench_15_11 2 timeout 1003.0877 307719 731 694662 571037 1186310 1555
steelmillslab bench_15_11 4 timeout 1000.9946 163003 5461 832600 315261 1269591 1555
steelmillslab bench_15_11 8 timeout 1007.7988 80259 15208 912459 130103 1178497 1555
steelmillslab bench_15_11 16 timeout 1009.4482 47515 2618 959517 79783 1245907 1555
steelmillslab bench_15_11 32 timeout 1006.34827 23856 4983 977847 30978 926947 1555
steelmillslab bench_16_10 1 timeout 1000.6455 556047 10 444610 1227666 1227666 1333
steelmillslab bench_16_10 2 timeout 1000.66406 299625 1052 700055 595162 1145659 1333
steelmillslab bench_16_10 4 timeout 1000.2736 158192 4035 838108 311297 1283009 1333
steelmillslab bench_16_10 8 timeout 1004.2415 85327 6504 912524 149736 1175711 1333
steelmillslab bench_16_10 16 timeout 1006.2295 45463 7331 953597 70299 1107589 1333
steelmillslab bench_16_10 32 timeout 1018.78735 27006 5029 987031 34228 1110261 1333
steelmillslab bench_19_5 1 timeout 1000.5131 550105 9 450422 1189526 1189526 1444
steelmillslab bench_19_5 2 timeout 1000.89514 296591 694 703652 555916 1161405 1444
steelmillslab bench_19_5 4 timeout 1001.7608 160561 10020 831300 281448 1175775 1444
steelmillslab bench_19_5 8 timeout 1003.1984 79387 13034 910880 135396 1144159 1444
steelmillslab bench_19_5 16 timeout 1006.20374 38834 12554 954959 60108 1164010 1444
steelmillslab bench_19_5 32 timeout 1025.6017 21973 4834 999122 31067 926561 1444
steiner-tree es10fst03.stp 1 sat 2.2885594 2003 0 3 42710 42710 23936808
steiner-tree es10fst03.stp 2 sat 1.575254 1502 0 5 31091 61820 23936808
steiner-tree es10fst03.stp 4 sat 1.506078 1498 1 16 24630 103962 23936808
steiner-tree es10fst03.stp 8 sat 1.0548159 992 2 38 13134 107599 23936808
steiner-tree es10fst03.stp 16 sat 1.0027589 957 1 66 12918 202284 23936808
steiner-tree es10fst03.stp 32 sat 1.0058545 820 2 214 7005 237080 23936808
steiner-tree es10fst10.stp 1 sat 9.617586 9495 0 9 157644 157644 20280160
steiner-tree es10fst10.stp 2 sat 5.6078577 5490 1 17 92453 167587 20280160
steiner-tree es10fst10.stp 4 sat 3.8877058 3468 1 41 54127 231655 20280160
steiner-tree es10fst10.stp 8 sat 3.0037293 2905 3 106 35441 325044 20280160
steiner-tree es10fst10.stp 16 sat 2.005526 1747 1 279 21185 335834 20280160
steiner-tree es10fst10.stp 32 sat 1.6780983 1284 4 240 17496 440714 20280160
steiner-tree es20fst08.stp 1 timeout 1000.03046 972047 5 27984 1469567 1469567 40083614
steiner-tree es20fst08.stp 2 timeout 1000.1551 858880 2534 138750 1202301 2430637 40518119
steiner-tree es20fst08.stp 4 timeout 1000.1643 595685 4925 399570 812830 3308381 40617837
steiner-tree es20fst08.stp 8 sat 1000.4969 332993 6188 661349 395936 3299303 40709448
steiner-tree es20fst08.stp 16 sat 1001.3613 173956 5528 821906 265535 3997494 37194641
steiner-tree es20fst08.stp 32 sat 1001.10956 90155 7425 903581 105529 3350254 39950666
steiner-tree es20fst09.stp 1 timeout 1000.03455 979424 5 20609 6114377 6114377 34836931
steiner-tree es20fst09.stp 2 timeout 1000.14374 912423 1646 86081 5320331 10615998 32968220
steiner-tree es20fst09.stp 4 timeout 1000.2888 685326 1648 313327 3603985 14176552 34161221
steiner-tree es20fst09.stp 8 sat 1000.1778 380019 2602 617576 1762350 13931935 34347930
steiner-tree es20fst09.stp 16 sat 1000.94653 199457 3104 798414 877365 13854840 33985115
steiner-tree es20fst09.stp 32 sat 1002.78033 107009 3768 892037 418628 13278755 34462495
steiner-tree es20fst14.stp 1 timeout 1000.0458 984852 5 15193 6155956 6155956 31000218
steiner-tree es20fst14.stp 2 timeout 1000.034 938010 547 61485 5559012 11068222 30407278
steiner-tree es20fst14.stp 4 timeout 1000.24854 790065 1364 208832 4378905 17457530 31131498
steiner-tree es20fst14.stp 8 timeout 1000.38293 456714 2822 540869 2087900 17055040 30892330
steiner-tree es20fst14.stp 16 sat 1000.0004 245554 4219 749892 1063846 17494981 30637596
steiner-tree es20fst14.stp 32 timeout 1000.1174 126319 5241 868590 541868 16583262 30425713
tc-graph-color k10_31 1 sat 118.57923 117359 2 1148 8063750 8063750 427
tc-graph-color k10_31 2 sat 70.30177 68576 4 1445 4328426 8709442 427
tc-graph-color k10_31 4 sat 41.2582 39760 21 1235 2454675 9450105 427
tc-graph-color k10_31 8 sat 24.515055 23134 19 1379 1333665 10536290 427
tc-graph-color k10_31 16 sat 16.026018 14274 20 1762 786314 12386150 427
tc-graph-color k10_31 32 sat 15.069432 10782 204 4110 437134 14559033 427
tc-graph-color k10_34 1 sat 9.3097515 8981 0 26 513028 513028 433
tc-graph-color k10_34 2 sat 8.944328 8355 1 154 493408 944583 433
tc-graph-color k10_34 4 sat 5.2077556 4794 2 221 233190 919578 433
tc-graph-color k10_34 8 sat 5.0167356 4395 3 637 191930 1584545 433
tc-graph-color k10_34 16 sat 3.6313221 2778 0 780 116688 1745426 433
tc-graph-color k10_34 32 sat 3.5881004 2101 7 1508 52656 2145635 433
tc-graph-color k2_42 1 timeout 1000.0833 863341 10 136735 94687929 94687929 231
tc-graph-color k2_42 2 timeout 1000.32007 478917 67 521342 44053644 87022368 231
tc-graph-color k2_42 4 timeout 1000.41565 270569 284 729572 21997982 75543799 231
tc-graph-color k2_42 8 timeout 1000.00085 165144 1862 832796 10970565 99759341 231
tc-graph-color k2_42 16 timeout 1000.1745 83160 2197 914849 6343598 100259537 231
tc-graph-color k2_42 32 timeout 1004.69434 33755 3197 967791 1901822 59083241 231
tc-graph-color k5_05 1 sat 21.75422 21406 1 102 1591442 1591442 273
tc-graph-color k5_05 2 sat 13.137462 12825 0 187 879894 1801717 273
tc-graph-color k5_05 4 sat 7.61407 7269 3 245 554652 2128455 273
tc-graph-color k5_05 8 sat 5.118315 4632 4 388 290781 2356859 273
tc-graph-color k5_05 16 sat 6.526197 5675 9 860 217146 3182822 273
tc-graph-color k5_05 32 sat 5.684235 3321 18 2303 139242 3942857 273
tc-graph-color k9_39 1 timeout 1000.09656 927941 12 72148 55518204 55518204 483
tc-graph-color k9_39 2 timeout 1000.2577 711167 68 289028 35391620 71251140 483
tc-graph-color k9_39 4 timeout 1000.4366 488488 114 511848 21104187 84484994 483
tc-graph-color k9_39 8 timeout 1000.6517 297076 984 702613 12340913 98783596 483
tc-graph-color k9_39 16 sat 1000.669 154473 2488 843742 5677086 91437206 483
tc-graph-color k9_39 32 timeout 1000.2767 77328 3703 919292 1616967 51918820 483
tdtsp inst_10_35_20 1 sat 23.961103 22037 1 1468 391296 391296 9055
tdtsp inst_10_35_20 2 sat 13.068662 11787 1 1242 190935 355910 9055
tdtsp inst_10_35_20 4 sat 9.609786 6495 12 3106 85784 391283 9055
tdtsp inst_10_35_20 8 sat 16.5742 5750 31 10799 59976 534433 9055
tdtsp inst_10_35_20 16 sat 46.26701 6401 186 39676 42434 629792 9055
tdtsp inst_10_35_20 32 sat 233.39973 10265 2463 220581 28545 1028284 9056
tdtsp inst_10_42_00 1 timeout 1000.4701 405310 11 595147 5489509 5489509 8433
tdtsp inst_10_42_00 2 sat 1001.17035 211985 1494 787687 2037870 4013739 8433
tdtsp inst_10_42_00 4 sat 1003.84607 109081 3219 891543 809298 3193007 8433
tdtsp inst_10_42_00 8 sat 1001.1882 59897 6120 935170 292502 2255101 8433
tdtsp inst_10_42_00 16 sat 1005.062 42687 9835 952543 105930 1706983 8450
tdtsp inst_10_42_00 32 sat 1048.049 34838 14369 998838 42947 1509097 8433
tdtsp inst_10_58_20 1 sat 30.079252 28566 1 1446 598962 598962 10307
tdtsp inst_10_58_20 2 sat 23.88216 18907 10 4724 313384 544874 10371
tdtsp inst_10_58_20 4 sat 12.889047 8264 6 4245 135758 553724 10645
tdtsp inst_10_58_20 8 sat 15.11732 5669 42 9392 55474 553023 10306
tdtsp inst_10_58_20 16 sat 28.789267 6314 169 22281 46068 734216 10306
tdtsp inst_10_58_20 32 sat 80.069 6977 864 72223 27030 954782 10306
tdtsp inst_20_26_00 1 timeout 1000.9842 257521 7 743453 1285093 1285093 21979
tdtsp inst_20_26_00 2 timeout 1002.8413 148791 2747 851301 549740 1118499 22023
tdtsp inst_20_26_00 4 sat 1003.37646 93029 5109 905228 276042 1078753 22266
tdtsp inst_20_26_00 8 sat 1010.5954 47381 6609 956591 100350 781889 22470
tdtsp inst_20_26_00 16 sat 1036.8094 36534 9892 990368 38164 601312 22594
tdtsp inst_20_26_00 32 sat 1039.5447 32080 13033 994418 22939 746045 22635
tdtsp inst_20_36_10 1 timeout 1000.3961 333893 10 666483 1989223 1989223 19513
tdtsp inst_20_36_10 2 sat 1000.1631 203323 2895 793926 835718 1674609 18974
tdtsp inst_20_36_10 4 sat 1001.46484 125757 4799 870894 387751 1546717 19166
tdtsp inst_20_36_10 8 sat 1011.3402 70549 9225 931560 168867 1299603 20430
tdtsp inst_20_36_10 16 sat 1004.94055 54328 10928 939671 65806 1170917 20888
tdtsp inst_20_36_10 32 sat 1045.491 41470 14506 989511 28690 1059152 21259
team-assignment data1_6_24 1 timeout 1000.35645 716560 11 283790 18594844 18594844 19625
team-assignment data1_6_24 2 timeout 1000.4218 390952 106 609368 8845726 17755082 20604
team-assignment data1_6_24 4 sat 1000.18335 201127 252 798808 4087011 16348050 20620
team-assignment data1_6_24 8 timeout 1001.2398 93744 1051 906452 1689844 13910765 20705
team-assignment data1_6_24 16 sat 1000.0006 47420 1554 950761 838540 13465099 20607
team-assignment data1_6_24 32 sat 1008.014 23834 2735 981458 392520 12567837 18607
team-assignment data2_4_15 1 timeout 1000.0862 895774 10 104304 48522874 48522874 8820
team-assignment data2_4_15 2 sat 1000.00073 573735 36 426183 25395886 51645504 8816
team-assignment data2_4_15 4 timeout 1001.02515 300442 138 700449 12354352 49745918 8816
team-assignment data2_4_15 8 sat 1002.108 150249 705 851157 5561661 45371916 9760
team-assignment data2_4_15 16 sat 1000.54095 82153 1597 916795 2992535 46755181 8795
team-assignment data2_4_15 32 sat 1004.0989 37224 2620 964261 1171944 37260893 8811
team-assignment data2_5_6 1 timeout 1000.0407 959590 11 40440 35235196 35235196 973
team-assignment data2_5_6 2 timeout 1000.1977 812245 55 187900 24556417 49078986 973
team-assignment data2_5_6 4 timeout 1000.2777 610438 286 389555 16749906 63815260 974
team-assignment data2_5_6 8 sat 1000.0009 375769 1013 623199 7993376 64294903 973
team-assignment data2_5_6 16 timeout 1001.68317 195566 2096 804023 2978676 58874681 974
team-assignment data2_5_6 32 timeout 1000.17487 87774 2752 909652 1500191 49186667 974
team-assignment data2_6_12 1 timeout 1000.04675 935178 9 64861 25476019 25476019 11848
team-assignment data2_6_12 2 timeout 1000.27435 730232 69 269978 13126725 26085551 12822
team-assignment data2_6_12 4 timeout 1000.57605 433359 464 566757 6935173 27533300 11813
team-assignment data2_6_12 8 timeout 1000.04987 223631 1030 775393 3256121 25664607 11807
team-assignment data2_6_12 16 sat 1002.1937 115521 1702 884975 2086814 33867058 11799
team-assignment data2_6_12 32 timeout 1000.08887 57350 2571 940176 798397 25863206 10855
team-assignment data3_6_28 1 timeout 1000.23364 648334 8 351894 15548380 15548380 13458
team-assignment data3_6_28 2 timeout 1001.02 331067 91 669865 7017466 13950230 14410
team-assignment data3_6_28 4 sat 1000.40186 164574 317 835513 2924476 11731732 14495
team-assignment data3_6_28 8 timeout 1005.2678 83931 827 920515 1435819 11445557 12623
team-assignment data3_6_28 16 sat 1006.4594 41089 1444 963935 634335 10354957 13496
team-assignment data3_6_28 32 sat 1014.40247 20581 2739 991097 313042 9766280 13543
train instance.10 1 timeout 1000.37305 255120 7 745247 10250324 10250324 126200
train instance.10 2 sat 1002.5504 124484 305 877764 4003509 8037866 173820
train instance.10 4 sat 1001.34717 59802 766 940781 1756266 7021655 138460
train instance.10 8 timeout 1000.00244 34151 1630 964227 795594 6044752 191500
train instance.10 16 sat 1000.3143 14904 2283 983135 271522 4653738 167820
train instance.10 32 sat 1099.2097 10810 3687 1084725 185863 6018887 155590
train instance.16 1 timeout 1000.4009 293422 7 706973 9121176 9121176 349630
train instance.16 2 timeout 1000.42114 130597 284 869544 3483951 7076443 320225
train instance.16 4 sat 1004.85016 63115 628 941111 1555006 5987110 326185
train instance.16 8 sat 1015.93665 27068 1283 987591 573492 4386712 258750
train instance.16 16 sat 1051.8381 16401 2437 1033012 284288 4426884 331210
train instance.16 32 sat 1055.2975 8849 3239 1043223 122627 4131106 233460
train instance.17 1 timeout 1002.03503 319468 7 682561 16002341 16002341 46150
train instance.17 2 timeout 1000.4321 175273 190 824971 7256232 14855151 47280
train instance.17 4 sat 1003.55133 74196 299 929057 2843540 11612957 42770
train instance.17 8 sat 1000.65173 35390 910 964356 1053522 9137868 44720
train instance.17 16 sat 1017.4666 16898 1670 998902 531263 7679495 47565
train instance.17 32 sat 1027.6725 8811 2839 1016033 187519 6449783 44700
train instance.4 1 timeout 1001.1554 228870 7 772281 10331713 10331713 168280
train instance.4 2 timeout 1002.94653 110232 318 892398 3821636 7895754 195280
train instance.4 4 sat 1007.61957 45376 542 961705 1573472 5598670 144580
train instance.4 8 sat 1014.37146 29030 1380 983965 788235 5950853 203940
train instance.4 16 sat 1017.7036 13610 2051 1002049 257909 4571199 141180
train instance.4 32 sat 1000.0037 8456 3633 987920 99303 4662909 146400
train instance.5 1 timeout 1000.31976 222397 7 777918 10431661 10431661 177300
train instance.5 2 timeout 1001.2176 118720 340 882161 4389740 8771915 191940
train instance.5 4 sat 1015.869 46318 726 968828 1420943 5593812 185800
train instance.5 8 sat 1006.08136 24681 1398 980007 569426 4841632 170700
train instance.5 16 sat 1015.1815 15479 1972 997738 365412 5863256 240300
train instance.5 32 sat 1066.852 9257 3242 1054363 143023 4875698 189060
traveling-tppv circ14anonbal 1 timeout 1000.02277 981781 5 18242 4051955 4051955 492
traveling-tppv circ14anonbal 2 timeout 1000.12384 920540 203 79388 3586432 7122968 486
traveling-tppv circ14anonbal 4 timeout 1000.3368 669327 4380 326643 2262006 9272292 484
traveling-tppv circ14anonbal 8 timeout 1001.0346 365449 1577 634045 1178190 9371868 478
traveling-tppv circ14anonbal 16 sat 1001.74945 198727 3876 799189 555759 8643316 492
traveling-tppv circ14anonbal 32 sat 1002.16016 93216 3855 905145 246628 7995627 486
traveling-tppv circ20hnonbal 1 timeout 1000.022 981251 7 18777 2278334 2278334 4001
traveling-tppv circ20hnonbal 2 timeout 1000.0543 895838 7994 96243 2012382 3982821 4001
traveling-tppv circ20hnonbal 4 timeout 1000.49896 668599 2739 329200 1308002 5133586 4001
traveling-tppv circ20hnonbal 8 timeout 1000.36206 357917 6237 636251 563847 4635125 4001
traveling-tppv circ20hnonbal 16 timeout 1000.3468 192949 4250 803231 292107 4458466 4001
traveling-tppv circ20hnonbal 32 timeout 1000.0137 106170 9154 884786 134531 4523879 4001
traveling-tppv circ20inonbal 1 timeout 1000.03326 962509 6 37529 2569094 2569094 1478
traveling-tppv circ20inonbal 2 timeout 1000.12006 824970 1438 173729 1981312 3946284 1464
traveling-tppv circ20inonbal 4 timeout 1000.11017 496327 38888 464924 922794 3621075 1480
traveling-tppv circ20inonbal 8 sat 1001.185 300602 12219 688391 542848 4406322 1468
traveling-tppv circ20inonbal 16 sat 1000.7678 171582 6250 822963 293274 4428317 1450
traveling-tppv circ20inonbal 32 sat 1001.9181 94846 5330 901837 127403 4006580 1462
traveling-tppv circ8abal 1 timeout 1000.0052 992733 5 7271 6232214 6232214 82
traveling-tppv circ8abal 2 sat 540.21844 531299 33 8681 3194463 6384429 82
traveling-tppv circ8abal 4 sat 284.0193 276725 424 6879 1642150 6443936 82
traveling-tppv circ8abal 8 sat 156.26181 149496 249 6303 810020 6601665 82
traveling-tppv circ8abal 16 sat 89.53697 81875 401 7272 419946 6757542 82
traveling-tppv circ8abal 32 sat 55.526684 45971 117 9463 222894 7007571 82
traveling-tppv circ8dbal 1 sat 975.28625 968208 6 6793 6153095 6153095 80
traveling-tppv circ8dbal 2 sat 515.0548 506347 294 8372 3050388 6135122 80
traveling-tppv circ8dbal 4 sat 267.5258 261496 30 6003 1547445 6215784 80
traveling-tppv circ8dbal 8 sat 148.3207 143099 226 4709 809156 6330776 80
traveling-tppv circ8dbal 16 sat 84.01723 77537 394 6107 401352 6474381 80
traveling-tppv circ8dbal 32 sat 48.055622 41682 103 6279 215572 6883795 80
triangular n10 1 sat 156.80466 151690 3 4844 34144152 34144152 20
triangular n10 2 sat 102.8574 94887 5 7694 17732002 35203075 20
triangular n10 4 sat 58.06556 52874 11 5185 9469273 36578537 20
triangular n10 8 sat 36.18523 31622 22 4410 5115473 40410359 20
triangular n10 16 sat 23.845045 19946 26 3664 2792205 45195666 20
triangular n10 32 sat 20.207903 13938 84 6199 1765593 51190134 20
triangular n16 1 timeout 1000.08887 886541 9 113543 117893580 117893580 35
triangular n16 2 timeout 1000.3189 576925 90 423314 56634560 115661790 35
triangular n16 4 timeout 1000.2292 421378 170 578699 34963367 131999758 35
triangular n16 8 timeout 1000.0247 250347 1780 747916 17162196 140928504 36
triangular n16 16 sat 1000.31995 114663 5290 880396 8358825 133067044 35
triangular n16 32 sat 1001.0324 52187 3914 944969 2802805 85606937 36
triangular n22 1 timeout 1000.08624 897905 10 102178 96298905 96298905 50
triangular n22 2 timeout 1000.3556 584482 245 415651 49899010 99988186 50
triangular n22 4 timeout 1000.4498 370237 195 630062 28158550 112458212 50
triangular n22 8 timeout 1000.2062 211036 6591 782621 15429773 123624109 51
triangular n22 16 sat 1001.21515 108001 2286 890996 7727074 116978980 49
triangular n22 32 timeout 1000.12256 50384 4826 945034 2666027 78700976 50
triangular n28 1 timeout 1000.07245 915250 10 84832 65429448 65429448 66
triangular n28 2 timeout 1000.25977 603601 420 396279 39190129 77135770 65
triangular n28 4 timeout 1000.1646 371804 4241 624167 21275463 85057088 65
triangular n28 8 sat 1000.0055 211926 13160 775008 10828326 83518375 64
triangular n28 16 sat 1000.073 76086 41144 882959 3339495 77776348 66
triangular n28 32 sat 1000.03265 22740 40121 937306 662770 62463357 65
triangular n37 1 timeout 1000.1215 920726 8 79413 43419245 43419245 88
triangular n37 2 timeout 1000.4828 653780 38 346765 23146779 46548534 87
triangular n37 4 timeout 1000.82874 327483 60446 612981 10091532 46389064 89
triangular n37 8 sat 1000.33856 235127 2975 762402 6845551 53067218 88
triangular n37 16 sat 1001.03253 140465 4679 856233 3737640 48437520 88
triangular n37 32 sat 1000.07227 50217 34267 916168 837311 42033454 88
vrplc vrplc11_5_15_s3 1 timeout 1000.04694 970590 9 29451 2636071 2636071 404
vrplc vrplc11_5_15_s3 2 timeout 1000.11475 871010 226 128882 2114376 4234375 403
vrplc vrplc11_5_15_s3 4 timeout 1000.1754 554061 642 445477 1141028 4676691 402
vrplc vrplc11_5_15_s3 8 sat 1000.4276 285719 1531 713182 516674 4202498 390
vrplc vrplc11_5_15_s3 16 sat 1000.0007 141061 2406 856289 229910 3740182 396
vrplc vrplc11_5_15_s3 32 sat 1005.8512 76219 4276 925370 116824 3820409 408
vrplc vrplc13_11_15_s3 1 timeout 1000.0394 968597 6 31438 2227288 2227288 490
vrplc vrplc13_11_15_s3 2 timeout 1000.1813 858503 159 141522 1797229 3619459 543
vrplc vrplc13_11_15_s3 4 timeout 1000.3185 528343 986 470994 998745 3839029 525
vrplc vrplc13_11_15_s3 8 timeout 1001.966 276909 1699 723364 460281 3567917 506
vrplc vrplc13_11_15_s3 16 timeout 1003.571 139264 2370 861950 208884 3279968 516
vrplc vrplc13_11_15_s3 32 sat 1004.9852 70025 5408 929556 96969 3047028 531
vrplc vrplc9_5_10_s1 1 timeout 1000.0081 986235 7 13769 4748027 4748027 351
vrplc vrplc9_5_10_s1 2 timeout 1000.0179 959743 374 39903 3995174 8020688 351
vrplc vrplc9_5_10_s1 4 sat 786.54694 727533 272 58714 3217412 12773299 351
vrplc vrplc9_5_10_s1 8 sat 488.35175 407082 394 80546 1659526 12888241 351
vrplc vrplc9_5_10_s1 16 sat 437.53265 245808 963 190768 820599 13112987 351
vrplc vrplc9_5_10_s1 32 sat 554.0478 144711 1641 407708 418902 13461118 351
vrplc vrplc9_5_10_s3 1 timeout 1000.0117 985124 8 14883 5081242 5081242 329
vrplc vrplc9_5_10_s3 2 timeout 1000.0585 954708 352 45002 4293562 8502878 329
vrplc vrplc9_5_10_s3 4 timeout 1000.0776 899355 310 100417 4178145 16601967 329
vrplc vrplc9_5_10_s3 8 sat 743.37964 593783 572 148676 2493876 19679462 329
vrplc vrplc9_5_10_s3 16 timeout 1000.12305 375939 1756 622439 1220181 19193721 329
vrplc vrplc9_5_10_s3 32 sat 935.6515 205282 2623 727755 648483 20430555 329
vrplc vrplc9_5_15_s3 1 timeout 1000.03906 960977 7 39058 2914298 2914298 456
vrplc vrplc9_5_15_s3 2 timeout 1000.1609 830316 182 169667 2043875 4130217 448
vrplc vrplc9_5_15_s3 4 timeout 1000.73676 505300 1259 494181 1179703 4618631 463
vrplc vrplc9_5_15_s3 8 sat 1000.7681 259057 2193 739527 486393 3834570 457
vrplc vrplc9_5_15_s3 16 sat 1002.3815 134388 2834 865172 253257 3813419 495
vrplc vrplc9_5_15_s3 32 sat 1006.9328 67753 4209 934986 111438 3546609 456
