samples 07 1 sat 10.279394 9993 1 11 8124 8124
samples 07 1 sat 3.5938628 3499 0 6 2042 2042
samples 07 1 sat 15.691313 15488 1 16 11240 11240
samples 07 1 sat 15.088932 14986 1 17 11727 11727
samples 07 1 sat 30.863998 30478 1 24 26901 26901
samples 07 1 sat 2.1345177 2002 0 4 1392 1392
samples 07 1 sat 35.573353 35468 2 34 29944 29944
samples 07 1 sat 3.4737294 2998 0 6 2854 2854
samples 07 1 sat 49.865498 49454 2 49 43066 43066
samples 07 1 sat 5.886167 5497 0 7 5460 5460
samples 07 2 sat 6.441577 5974 7 24 4689 8515
samples 07 2 sat 1.0894113 999 2 6 617 1078
samples 07 2 sat 0.6379501 505 0 3 108 178
samples 07 2 sat 17.244934 16925 16 64 12354 26386
samples 07 2 sat 13.930614 13407 21 77 11867 21236
samples 07 2 sat 3.6640778 3483 2 18 2564 4791
samples 07 2 sat 14.283531 13965 5 33 9628 20537
samples 07 2 sat 15.105141 14932 20 55 10101 21008
samples 07 2 sat 3.8774254 3488 4 18 2565 4800
samples 07 2 sat 2.8638992 2495 0 12 1952 3565
samples 07 4 sat 3.6106594 3450 5 52 2028 7828
samples 07 4 sat 2.3846986 1991 1 44 1039 3634
samples 07 4 sat 0.95645297 515 0 4 419 1185
samples 07 4 sat 6.239975 5854 83 68 3830 14486
samples 07 4 sat 2.5828397 2435 4 67 1305 5009
samples 07 4 sat 17.09136 16808 25 176 12456 46672
samples 07 4 sat 1.402668 962 42 6 451 1157
samples 07 4 sat 7.59153 7253 126 129 4684 18552
samples 07 4 sat 1.8383259 1496 2 19 600 2916
samples 07 4 sat 4.6137967 4376 47 82 2910 10613
samples 07 8 sat 9.115436 8724 47 249 4997 38378
samples 07 8 sat 6.2562246 5664 13 339 2273 23672
samples 07 8 sat 2.2556894 1963 3 47 678 5471
samples 07 8 sat 2.284185 1937 13 71 720 4467
samples 07 8 sat 1.9460781 1473 14 69 553 4414
samples 07 8 sat 2.2515862 1917 44 52 627 4458
samples 07 8 sat 5.849381 5307 54 156 1916 18796
samples 07 8 sat 5.335351 4594 125 297 1704 15481
samples 07 8 sat 1.442696 958 48 23 248 2190
samples 07 8 sat 4.7808337 4263 95 152 2066 16437
samples 07 16 sat 1.3750343 952 241 6 31 716
samples 07 16 sat 2.754875 2366 81 72 491 7248
samples 07 16 sat 1.4124955 1087 135 3 31 682
samples 07 16 sat 2.952227 2315 140 68 479 7340
samples 07 16 sat 2.8423955 2275 178 76 760 8987
samples 07 16 sat 1.9067426 1411 104 63 188 1873
samples 07 16 sat 3.1427372 2877 70 76 507 10915
samples 07 16 sat 1.388566 987 161 13 31 891
samples 07 16 sat 0.9735072 664 16 4 30 662
samples 07 16 sat 2.4969223 1828 130 60 425 8053
samples 07 32 sat 1.4708148 998 182 6 31 1229
samples 07 32 sat 1.3885914 1038 129 8 31 1099
samples 07 32 sat 1.4612437 1187 62 4 98 1040
samples 07 32 sat 2.2264485 1802 58 171 169 3856
samples 07 32 sat 1.2361724 994 37 8 31 1117
samples 07 32 sat 1.3729 1101 22 8 31 889
samples 07 32 sat 1.9226608 1372 147 180 86 2120
samples 07 32 sat 2.7815778 2365 34 139 292 9619
samples 07 32 sat 1.434762 1130 43 6 31 1163
samples 07 32 sat 2.3382566 1847 56 137 191 7223
samples 16 1 sat 3.4654012 2998 0 7 67580 67580
samples 16 1 sat 3.6913846 3502 0 6 84106 84106
samples 16 1 sat 1.5062295 1502 0 3 29094 29094
samples 16 1 sat 2.294718 2001 0 4 44843 44843
samples 16 1 sat 0.8107792 505 0 2 11516 11516
samples 16 1 sat 2.7644713 2500 0 5 55688 55688
samples 16 1 sat 2.0865514 2001 0 4 46745 46745
samples 16 1 sat 7.573532 7493 0 11 185231 185231
samples 16 1 sat 1.7725297 1504 0 3 36956 36956
samples 16 1 sat 2.5682817 2500 0 5 52665 52665
samples 16 2 sat 5.372395 4985 0 21 109499 232736
samples 16 2 sat 6.600821 6480 0 26 155659 304801
samples 16 2 sat 1.5851027 1500 0 7 26201 55792
samples 16 2 sat 4.397063 3985 0 19 91192 187882
samples 16 2 sat 8.43501 7978 0 28 202439 369109
samples 16 2 sat 1.5656279 1500 0 9 29953 59127
samples 16 2 sat 1.460008 1000 0 7 26586 50106
samples 16 2 sat 2.8795846 2496 0 14 54169 109925
samples 16 2 sat 0.8267447 506 0 3 11609 22283
samples 16 2 sat 0.8056902 505 0 3 9695 20724
samples 16 4 sat 0.8885342 507 0 8 10080 42295
samples 16 4 sat 1.8438159 1495 0 49 27836 123241
samples 16 4 sat 2.1468983 1941 0 66 39558 159145
samples 16 4 sat 1.6888375 1480 0 61 28891 112899
samples 16 4 sat 0.57837933 506 0 5 5261 20959
samples 16 4 sat 0.77163714 508 0 7 7004 27756
samples 16 4 sat 1.5535994 1480 0 63 26531 103187
samples 16 4 sat 1.9745214 1476 0 60 30938 132680
samples 16 4 sat 2.639132 2451 2 54 53238 209222
samples 16 4 sat 1.2336907 999 0 37 18255 68747
samples 16 8 sat 1.0912187 945 1 64 10913 86772
samples 16 8 sat 3.0139196 2930 1 79 56433 424356
samples 16 8 sat 1.1200731 971 0 72 11382 88763
samples 16 8 sat 1.6024153 1443 1 65 25419 196463
samples 16 8 sat 1.0609429 958 1 51 11968 101209
samples 16 8 sat 1.3232783 933 0 74 17480 132148
samples 16 8 sat 0.7451926 507 0 33 6772 50742
samples 16 8 sat 1.318042 950 0 59 16173 134773
samples 16 8 sat 1.4592407 957 1 52 17292 144997
samples 16 8 sat 1.3483796 952 1 56 17066 142320
samples 16 16 sat 0.12451923 0 0 0 24 361
samples 16 16 sat 0.1330819 0 0 0 24 371
samples 16 16 sat 0.13077147 0 0 0 24 421
samples 16 16 sat 0.1406025 0 0 0 24 397
samples 16 16 sat 0.12587062 0 0 0 24 338
samples 16 16 sat 0.10311852 0 0 0 24 279
samples 16 16 sat 0.103685066 0 0 0 24 411
samples 16 16 sat 0.12683427 0 0 0 24 367
samples 16 16 sat 0.12044593 0 0 0 24 367
samples 16 16 sat 0.1210196 0 0 0 24 331
samples 16 32 sat 0.22329305 0 0 0 24 838
samples 16 32 sat 0.20016466 0 0 0 24 810
samples 16 32 sat 0.20664266 0 0 0 24 865
samples 16 32 sat 0.17222638 0 0 0 24 863
samples 16 32 sat 0.21958163 0 0 0 24 972
samples 16 32 sat 0.20419185 0 0 0 24 756
samples 16 32 sat 0.1862976 0 0 0 24 823
samples 16 32 sat 0.2036817 0 0 0 24 882
samples 16 32 sat 0.19802122 0 0 0 24 930
samples 16 32 sat 0.19861986 0 0 0 24 868
samples 3_9 1 timeout 500.00803 494358 3 5653 1059550 1059550 70802
samples 3_9 1 timeout 500.00815 495223 4 4788 1076939 1076939 76887
samples 3_9 1 timeout 500.01498 491148 3 8870 855966 855966 76872
samples 3_9 1 timeout 500.01248 493737 4 6277 1021193 1021193 76919
samples 3_9 1 timeout 500.01883 491588 3 8434 837279 837279 76872
samples 3_9 1 timeout 500.0098 492445 4 7566 1081111 1081111 78452
samples 3_9 1 timeout 500.01587 489994 4 10024 1044275 1044275 78667
samples 3_9 1 timeout 500.01663 490361 4 9658 803957 803957 83110
samples 3_9 1 timeout 500.01166 492287 3 7728 834648 834648 76919
samples 3_9 1 timeout 500.0143 491343 3 8674 852494 852494 78445
samples 3_9 2 timeout 500.01755 473602 115 26309 796000 1583002 76872
samples 3_9 2 timeout 500.06027 461954 11 38107 717074 1444834 82953
samples 3_9 2 timeout 500.04822 470177 1139 28740 766567 1519949 76872
samples 3_9 2 timeout 500.0163 476154 153 23721 781628 1547092 76872
samples 3_9 2 timeout 500.01926 469462 355 30214 763516 1511742 76887
samples 3_9 2 timeout 500.01645 477807 42 22179 780401 1574657 76872
samples 3_9 2 timeout 500.02332 478621 113 21302 803659 1592834 76872
samples 3_9 2 timeout 500.0142 476954 12 23057 786954 1567361 76872
samples 3_9 2 sat 500.00092 469977 100 29455 759610 1529609 76887
samples 3_9 2 timeout 500.01587 473475 143 26410 767151 1536888 76883
samples 3_9 4 sat 349.88715 309551 207 39774 483076 1922475 70802
samples 3_9 4 sat 410.06122 346906 521 62602 543412 2167027 70802
samples 3_9 4 sat 273.48712 245365 160 27510 402789 1595538 70802
samples 3_9 4 sat 278.70074 255388 189 22956 419458 1660485 70802
samples 3_9 4 sat 320.5645 286611 81 33831 456778 1847394 70802
samples 3_9 4 sat 283.53296 257248 271 26033 406462 1623559 70802
samples 3_9 4 sat 341.6602 299595 159 41780 473133 1899548 70802
samples 3_9 4 sat 361.51627 313961 175 47396 501873 1950283 70802
samples 3_9 4 sat 370.07462 324605 171 45264 512487 2027171 70802
samples 3_9 4 sat 295.82422 265676 153 29698 425382 1697122 70802
samples 3_9 8 sat 293.71353 190303 343 102910 240905 2002496 70802
samples 3_9 8 sat 206.03003 154093 299 51664 219554 1780447 70802
samples 3_9 8 sat 199.47408 149476 162 49424 213662 1711499 70802
samples 3_9 8 sat 185.83911 146225 247 39087 213932 1718516 70802
samples 3_9 8 sat 296.5291 187964 171 108411 268301 2138590 70802
samples 3_9 8 sat 423.72638 217767 866 204959 289816 2314590 70802
samples 3_9 8 sat 192.14082 146799 271 45005 215713 1718571 70802
samples 3_9 8 sat 191.34679 149967 241 40860 217476 1713683 70802
samples 3_9 8 sat 243.23804 169691 2561 70810 237206 1930023 70802
samples 3_9 8 sat 199.53815 150934 167 48455 226993 1785671 70802
samples 3_9 16 sat 210.60245 95255 329 115054 118725 1826831 70802
samples 3_9 16 sat 209.10652 91120 1004 117013 110017 1821689 70802
samples 3_9 16 sat 251.59799 102125 432 149085 126061 1960715 70802
samples 3_9 16 sat 232.14027 95374 361 136397 115804 1860605 70802
samples 3_9 16 sat 204.54185 91591 314 112683 107781 1780381 70802
samples 3_9 16 sat 232.10736 99833 2119 130193 112510 1903269 70802
samples 3_9 16 sat 222.86775 93170 357 129080 109552 1784998 70802
samples 3_9 16 sat 222.8136 97066 588 125012 115647 1864084 70802
samples 3_9 16 sat 313.36755 109451 640 203040 132467 2098244 76872
samples 3_9 16 sat 205.57541 92928 608 112057 109462 1802869 70802
samples 3_9 32 sat 322.24112 56870 1077 264254 67485 2106430 70802
samples 3_9 32 sat 291.1604 54411 1033 235769 59567 1933974 70802
samples 3_9 32 sat 473.13748 66692 1534 404965 74710 2356585 70802
samples 3_9 32 sat 459.98132 61695 1466 396551 68576 2219181 70802
samples 3_9 32 sat 415.2165 57612 1650 355960 65056 2109116 70802
samples 3_9 32 sat 500.00052 53546 1874 444444 62470 2027789 76919
samples 3_9 32 sat 427.67722 63401 2466 361856 69750 2320035 70802
samples 3_9 32 sat 478.1543 65194 1652 411366 72122 2301941 70802
samples 3_9 32 sat 420.70697 60269 3261 357188 67906 2243215 70802
samples 3_9 32 sat 387.69815 60201 1266 326298 67073 2150124 70802
samples Dubois-022 1 unsat 430.1854 387597 11 42422 9364246 9364246
samples Dubois-022 1 unsat 449.43576 404748 12 44488 9725405 9725405
samples Dubois-022 1 unsat 404.53873 362566 11 41947 9382349 9382349
samples Dubois-022 1 unsat 336.90405 304349 9 32505 8583932 8583932
samples Dubois-022 1 unsat 400.1028 358736 10 41291 9560548 9560548
samples Dubois-022 1 timeout 500.0269 455787 14 44226 9118593 9118593
samples Dubois-022 1 timeout 500.04413 455460 14 44571 9056181 9056181
samples Dubois-022 1 unsat 401.35193 358480 8 42534 9628296 9628296
samples Dubois-022 1 unsat 481.2456 430077 12 51076 9832078 9832078
samples Dubois-022 1 unsat 408.49524 368538 12 39488 9278190 9278190
samples Dubois-022 2 timeout 463.93228 344247 28503 90896 5082741 10179437
samples Dubois-022 2 timeout 500.08554 379213 27474 93399 4954198 9910270
samples Dubois-022 2 timeout 330.42377 240919 17405 72091 4527427 9054882
samples Dubois-022 2 timeout 420.59103 304787 29404 86401 4785501 9570663
samples Dubois-022 2 timeout 392.65518 285826 23909 82842 4703088 9409682
samples Dubois-022 2 timeout 417.29947 297286 32155 87642 4810557 9619008
samples Dubois-022 2 timeout 439.7385 331519 17897 90160 4880160 9753534
samples Dubois-022 2 timeout 500.1328 387155 18992 93987 5168390 10335788
samples Dubois-022 2 timeout 500.1116 377602 29612 92900 5248262 10486108
samples Dubois-022 2 timeout 447.7455 345575 14849 87144 4895464 9801123
samples Dubois-022 4 timeout 360.90656 220901 31085 108807 2676644 10710365
samples Dubois-022 4 timeout 358.304 223559 24813 109690 2695192 10780096
samples Dubois-022 4 timeout 354.64624 202727 47137 104750 2704523 10820148
samples Dubois-022 4 timeout 266.42456 144922 36202 85052 2387781 9539697
samples Dubois-022 4 timeout 459.18228 284465 31716 142998 2927822 11709680
samples Dubois-022 4 timeout 369.8124 217495 34537 117765 2729826 10920194
samples Dubois-022 4 timeout 261.83676 155014 25969 80666 2476245 9903666
samples Dubois-022 4 timeout 383.80948 237204 26415 120130 2729555 10915938
samples Dubois-022 4 timeout 318.9286 183218 40614 94943 2653627 10616096
samples Dubois-022 4 timeout 265.67017 147636 35106 82837 2401813 9602594
samples Dubois-022 8 timeout 364.39948 155883 36559 171933 1451738 11614431
samples Dubois-022 8 timeout 262.11005 116790 26480 118842 1294650 10359617
samples Dubois-022 8 timeout 271.64786 121440 26580 123627 1384873 11083829
samples Dubois-022 8 timeout 225.41795 104006 21838 99506 1277410 10219368
samples Dubois-022 8 timeout 162.6816 83459 11277 67935 1160131 9256491
samples Dubois-022 8 timeout 199.87556 88477 25664 85496 1201969 9612348
samples Dubois-022 8 timeout 265.1475 117896 31054 116099 1314395 10518004
samples Dubois-022 8 timeout 312.70242 137223 33453 141995 1386689 11091087
samples Dubois-022 8 timeout 262.27472 113181 30231 118780 1352688 10818546
samples Dubois-022 8 timeout 191.63474 83409 26295 81903 1196219 9570037
samples Dubois-022 16 timeout 342.82733 93356 23302 226171 690918 11053022
samples Dubois-022 16 timeout 332.01804 79723 31688 220609 689650 11039954
samples Dubois-022 16 timeout 358.9931 93067 24188 241429 717793 11482828
samples Dubois-022 16 timeout 315.47726 81968 27446 206061 674276 10789555
samples Dubois-022 16 timeout 298.40457 85989 17947 194452 676405 10819286
samples Dubois-022 16 timeout 336.66473 90903 24056 221646 681382 10901495
samples Dubois-022 16 timeout 300.89053 75757 26720 198386 666598 10670892
samples Dubois-022 16 timeout 361.28424 90088 32258 238843 714954 11446019
samples Dubois-022 16 timeout 350.81473 87569 30193 233034 705129 11284573
samples Dubois-022 16 timeout 312.20633 78759 27678 205757 663606 10622492
samples Dubois-022 32 timeout 286.2515 46050 16710 223494 318784 10151258
samples Dubois-022 32 timeout 243.41106 41504 13326 188582 291487 9320828
samples Dubois-022 32 timeout 273.399 42232 17714 213454 325626 10418799
samples Dubois-022 32 timeout 277.34888 45507 14483 217319 319638 10225279
samples Dubois-022 32 timeout 264.92786 40915 19296 204680 321106 10246794
samples Dubois-022 32 timeout 347.4564 50602 18161 278476 341664 10924199
samples Dubois-022 32 timeout 220.75952 35187 15528 170038 291588 9331681
samples Dubois-022 32 timeout 356.75433 51787 19062 285861 325038 10392794
samples Dubois-022 32 timeout 259.30106 40433 17362 201384 320967 10236975
samples Dubois-022 32 timeout 321.68195 49294 17001 255388 328779 10516515
samples exp1-1-5670 1 sat 212.26285 210362 2 1645 1312337 1312337 2
samples exp1-1-5670 1 sat 202.34636 200515 3 1492 1268751 1268751 2
samples exp1-1-5670 1 sat 200.79727 198904 3 1604 1225798 1225798 2
samples exp1-1-5670 1 sat 236.125 233709 3 2300 1474979 1474979 2
samples exp1-1-5670 1 sat 200.07182 198287 3 1721 1204392 1204392 2
samples exp1-1-5670 1 sat 191.35104 189599 2 1409 1164774 1164774 2
samples exp1-1-5670 1 sat 225.07536 222839 3 2168 1378006 1378006 2
samples exp1-1-5670 1 sat 211.112 209511 3 1496 1293525 1293525 2
samples exp1-1-5670 1 sat 224.59344 222439 3 2069 1413276 1413276 2
samples exp1-1-5670 1 sat 211.67159 209841 3 1667 1334371 1334371 2
samples exp1-1-5670 2 sat 106.00465 103329 69 2621 605960 1217848 2
samples exp1-1-5670 2 sat 126.508354 123661 19 2843 713841 1457367 2
samples exp1-1-5670 2 sat 124.38916 121966 34 2019 704615 1444607 3
samples exp1-1-5670 2 sat 129.20073 126446 71 2503 704107 1464698 2
samples exp1-1-5670 2 sat 112.044586 109653 44 2321 669271 1341325 2
samples exp1-1-5670 2 sat 110.91329 108655 15 1844 660150 1319107 2
samples exp1-1-5670 2 sat 127.00455 124462 18 2538 712285 1455142 2
samples exp1-1-5670 2 sat 140.14838 136730 81 3205 768119 1574465 2
samples exp1-1-5670 2 sat 138.84317 135284 9 3223 775068 1564417 2
samples exp1-1-5670 2 sat 109.82722 107250 178 2089 609567 1240071 2
samples exp1-1-5670 4 sat 70.007286 67221 15 2795 397089 1603796 2
samples exp1-1-5670 4 sat 63.65294 60823 39 2669 372265 1408896 2
samples exp1-1-5670 4 sat 67.79118 64324 17 3176 377174 1559679 2
samples exp1-1-5670 4 sat 60.901676 57640 78 2806 336938 1369360 2
samples exp1-1-5670 4 sat 57.015163 54751 75 2214 320875 1304697 2
samples exp1-1-5670 4 sat 59.007507 56385 20 2626 327847 1315780 2
samples exp1-1-5670 4 sat 55.56573 53362 84 2085 334474 1301904 2
samples exp1-1-5670 4 sat 50.50761 48449 11 2066 286414 1156022 2
samples exp1-1-5670 4 sat 59.009163 55854 23 3147 339219 1297179 2
samples exp1-1-5670 4 sat 56.00741 53812 3 2208 312720 1259997 2
samples exp1-1-5670 8 sat 38.412888 34395 64 3598 221428 1636954 2
samples exp1-1-5670 8 sat 40.290764 35011 71 4972 192793 1589237 2
samples exp1-1-5670 8 sat 34.21731 30835 118 3097 184553 1460693 2
samples exp1-1-5670 8 sat 36.514038 31757 110 4682 180760 1435676 2
samples exp1-1-5670 8 sat 33.014374 29779 137 3137 169239 1401775 2
samples exp1-1-5670 8 sat 32.514004 29131 48 3371 172497 1355107 2
samples exp1-1-5670 8 sat 33.009293 29749 27 3272 165250 1346705 2
samples exp1-1-5670 8 sat 45.027893 39009 29 6014 219373 1776456 2
samples exp1-1-5670 8 sat 36.01231 32516 40 3491 191493 1507137 2
samples exp1-1-5670 8 sat 35.661606 30857 220 4459 165768 1342447 2
samples exp1-1-5670 16 sat 28.949436 20701 124 7767 104331 1682221 2
samples exp1-1-5670 16 sat 24.600746 18729 212 5709 94582 1567897 2
samples exp1-1-5670 16 sat 25.547733 18626 75 6903 95798 1480579 2
samples exp1-1-5670 16 sat 29.66638 20072 997 8512 96693 1627444 2
samples exp1-1-5670 16 sat 27.032963 19837 45 7218 107838 1605672 2
samples exp1-1-5670 16 sat 26.448328 19325 139 6605 113619 1706593 2
samples exp1-1-5670 16 sat 27.887648 20215 79 7322 112025 1740745 2
samples exp1-1-5670 16 sat 25.04696 18722 70 6316 97684 1529539 2
samples exp1-1-5670 16 sat 27.241663 19990 249 6846 101130 1649139 2
samples exp1-1-5670 16 sat 21.04757 15870 425 4788 78205 1305951 2
samples exp1-1-5670 32 sat 41.235188 12181 2212 26789 57004 1954974 2
samples exp1-1-5670 32 sat 34.957115 12108 130 22451 50955 1486656 2
samples exp1-1-5670 32 sat 39.749634 13347 425 25944 56017 1782701 2
samples exp1-1-5670 32 sat 41.539356 13504 137 27975 57792 1792995 2
samples exp1-1-5670 32 sat 29.578625 10450 94 19102 43712 1333556 2
samples exp1-1-5670 32 sat 35.990818 10577 169 24902 40955 1298974 2
samples exp1-1-5670 32 sat 43.62543 14116 194 29322 61538 1897873 2
samples exp1-1-5670 32 sat 36.577065 13001 156 23481 52582 1756767 2
samples exp1-1-5670 32 sat 41.081593 14389 142 26607 64939 1921648 2
samples exp1-1-5670 32 sat 42.106773 13307 528 28355 61899 1915559 2
samples handball1 1 sat 157.5623 156831 2 676 2522088 2522088 2
samples handball1 1 sat 143.22726 142483 2 524 2328422 2328422 2
samples handball1 1 sat 164.36588 163379 2 627 2764251 2764251 2
samples handball1 1 sat 144.09708 143543 2 462 2314358 2314358 2
samples handball1 1 sat 134.83467 133881 3 625 2182644 2182644 2
samples handball1 1 sat 141.7759 141012 2 494 2183258 2183258 2
samples handball1 1 sat 141.34111 140434 3 572 2247773 2247773 2
samples handball1 1 sat 137.03903 136485 2 521 2124222 2124222 2
samples handball1 1 sat 145.29799 144480 2 525 2307473 2307473 2
samples handball1 1 sat 159.45233 158292 3 714 2585806 2585806 2
samples handball1 2 sat 75.28841 74375 9 636 1070421 2223648 2
samples handball1 2 sat 80.09988 79352 18 650 1202139 2394055 2
samples handball1 2 sat 75.81445 74950 26 546 1127241 2260805 2
samples handball1 2 sat 80.18405 79319 19 681 1119623 2342556 2
samples handball1 2 sat 74.00558 73428 9 579 1139701 2304449 2
samples handball1 2 sat 85.07458 84209 15 792 1270251 2578137 2
samples handball1 2 sat 70.601074 69967 6 541 1061416 2190438 2
samples handball1 2 sat 81.00242 80430 17 568 1121402 2345425 2
samples handball1 2 sat 87.69164 86765 23 707 1309787 2645749 2
samples handball1 2 sat 76.505844 75857 17 645 1157084 2327301 2
samples handball1 4 sat 47.012672 46423 19 588 696355 2804350 2
samples handball1 4 sat 42.532345 41937 23 561 638142 2499215 2
samples handball1 4 sat 46.08599 45338 68 618 624946 2564006 2
samples handball1 4 sat 39.90414 39155 23 340 562265 2222218 2
samples handball1 4 sat 35.73325 35068 35 418 498265 2074976 2
samples handball1 4 sat 45.503487 44893 47 577 672559 2677167 2
samples handball1 4 sat 45.50981 44922 46 556 705760 2674058 2
samples handball1 4 sat 45.0038 44369 45 608 668586 2694890 2
samples handball1 4 sat 40.630394 40006 42 471 584305 2282553 2
samples handball1 4 sat 40.7549 39978 15 527 579182 2379700 2
samples handball1 8 sat 26.756624 25921 42 576 343226 2787317 2
samples handball1 8 sat 25.028032 24401 25 633 340660 2691747 2
samples handball1 8 sat 26.181473 25468 39 532 352825 2844783 2
samples handball1 8 sat 25.159084 24353 33 646 329211 2624388 2
samples handball1 8 sat 27.007494 26331 52 651 348571 2928297 2
samples handball1 8 sat 27.011375 26316 56 669 370615 2944154 2
samples handball1 8 sat 28.689072 27720 73 733 366106 2990293 2
samples handball1 8 sat 25.761515 24849 48 647 322521 2748767 2
samples handball1 8 sat 20.660563 20057 47 430 265797 2085972 2
samples handball1 8 sat 25.011127 24348 32 647 320218 2616682 2
samples handball1 16 sat 16.055166 15330 47 697 189105 3089620 2
samples handball1 16 sat 16.4243 15183 110 754 191886 2958790 2
samples handball1 16 sat 15.3212805 14452 60 551 183416 2828123 2
samples handball1 16 sat 17.523046 16711 45 796 202444 3084074 2
samples handball1 16 sat 16.518732 15817 98 638 193613 3056607 2
samples handball1 16 sat 17.023155 16341 65 661 196654 3137141 2
samples handball1 16 sat 15.010299 14354 82 607 167269 2722000 2
samples handball1 16 sat 18.083464 17057 95 896 206391 3295065 2
samples handball1 16 sat 17.540466 16622 91 842 203490 3358547 2
samples handball1 16 sat 16.022682 15344 142 576 179506 2885165 2
samples handball1 32 sat 12.543977 11332 50 1221 129854 4131800 2
samples handball1 32 sat 11.721495 10205 47 1354 122484 3747186 2
samples handball1 32 sat 13.068278 11422 43 1643 124630 3997439 2
samples handball1 32 sat 13.045235 11850 41 1200 132673 4234223 2
samples handball1 32 sat 12.6640005 11068 48 1494 124891 3919837 2
samples handball1 32 sat 12.543771 11160 41 1402 122209 4032300 2
samples handball1 32 sat 12.050052 10873 65 1159 101130 3702531 2
samples handball1 32 sat 12.042855 10637 91 1383 126426 3767655 2
samples handball1 32 sat 12.565253 11276 61 1238 130448 3959392 2
samples handball1 32 sat 12.547343 11245 64 1270 106312 3508108 2
samples kb128_n5_obj16 1 timeout 500.00366 498744 3 1292 498537 498537
samples kb128_n5_obj16 1 timeout 500.00354 498734 3 1302 523013 523013
samples kb128_n5_obj16 1 timeout 500.00296 498714 3 1322 512403 512403
samples kb128_n5_obj16 1 timeout 500.00592 498738 3 1302 498096 498096
samples kb128_n5_obj16 1 timeout 500.00708 498732 3 1308 540421 540421
samples kb128_n5_obj16 1 timeout 500.00266 498651 3 1388 505925 505925
samples kb128_n5_obj16 1 timeout 500.00238 498669 3 1368 504436 504436
samples kb128_n5_obj16 1 timeout 500.00284 498688 3 1427 518722 518722
samples kb128_n5_obj16 1 timeout 500.00046 498192 3 1345 514152 514152
samples kb128_n5_obj16 1 timeout 500.0031 498748 3 1289 528221 528221
samples kb128_n5_obj16 2 timeout 500.0092 493125 630 6338 479355 938662
samples kb128_n5_obj16 2 timeout 500.00146 494289 133 5154 481439 962243
samples kb128_n5_obj16 2 timeout 500.02808 492725 1267 6088 443106 866909
samples kb128_n5_obj16 2 timeout 500.00192 492837 15 6736 459925 915033
samples kb128_n5_obj16 2 timeout 500.0065 493797 379 5898 474949 955261
samples kb128_n5_obj16 2 timeout 500.01178 493589 473 6017 458143 931964
samples kb128_n5_obj16 2 timeout 500.008 493136 80 6845 448663 893464
samples kb128_n5_obj16 2 timeout 500.00082 492543 841 6209 466064 908302
samples kb128_n5_obj16 2 timeout 500.0135 492603 1779 5696 479009 953514
samples kb128_n5_obj16 2 timeout 500.00775 494594 9 5497 493581 973855
samples kb128_n5_obj16 4 timeout 500.05994 473502 3973 22666 425116 1632728
samples kb128_n5_obj16 4 timeout 500.0846 456766 11745 31710 410950 1432276
samples kb128_n5_obj16 4 sat 355.98892 340706 2138 12828 302034 1180430
samples kb128_n5_obj16 4 timeout 500.0502 461886 11890 26376 392986 1562796
samples kb128_n5_obj16 4 timeout 500.0523 463466 9509 27180 393349 1548644
samples kb128_n5_obj16 4 timeout 500.0564 467642 3744 28807 372496 1389314
samples kb128_n5_obj16 4 sat 83.881966 81467 691 1539 72802 255775
samples kb128_n5_obj16 4 timeout 500.09695 433558 34322 32339 311987 1275863
samples kb128_n5_obj16 4 timeout 500.0588 468564 19 31636 348561 1224496
samples kb128_n5_obj16 4 timeout 500.04376 474723 1749 23672 395636 1601909
samples kb128_n5_obj16 8 timeout 500.13547 392605 23713 83968 246394 2094666
samples kb128_n5_obj16 8 timeout 500.0026 371883 43377 84608 223875 1896431
samples kb128_n5_obj16 8 sat 163.28015 151312 716 11191 122426 960665
samples kb128_n5_obj16 8 timeout 500.17395 411497 2206 86627 271200 1963077
samples kb128_n5_obj16 8 timeout 500.163 379422 30130 90763 255129 1836227
samples kb128_n5_obj16 8 sat 304.9769 238615 26641 39529 152634 1410060
samples kb128_n5_obj16 8 timeout 500.0015 409619 1486 88708 256125 1779802
samples kb128_n5_obj16 8 sat 345.86185 305429 1486 38838 216624 1776438
samples kb128_n5_obj16 8 sat 378.3201 320166 3603 54498 205931 1654367
samples kb128_n5_obj16 8 timeout 500.20447 358314 55937 86088 216751 1771219
samples kb128_n5_obj16 16 timeout 500.31424 289518 4860 206241 140915 1954643
samples kb128_n5_obj16 16 timeout 500.07068 150416 151203 198530 76152 1934107
samples kb128_n5_obj16 16 timeout 500.34113 279159 17217 204276 130154 2141651
samples kb128_n5_obj16 16 timeout 500.34488 292405 10865 197308 133112 2000620
samples kb128_n5_obj16 16 timeout 500.00067 282564 16839 200622 130290 2040035
samples kb128_n5_obj16 16 timeout 500.34827 297371 4773 198443 137813 2030781
samples kb128_n5_obj16 16 timeout 500.00378 288820 12587 198721 127224 2088116
samples kb128_n5_obj16 16 timeout 500.00186 298126 5648 196317 137952 2041914
samples kb128_n5_obj16 16 timeout 500.593 225212 73469 202034 103968 1900312
samples kb128_n5_obj16 16 sat 468.48657 288438 1944 178137 129927 1892603
samples kb128_n5_obj16 32 timeout 500.22925 141523 48514 310578 49715 1904785
samples kb128_n5_obj16 32 timeout 500.01657 48948 130971 320476 18706 1800694
samples kb128_n5_obj16 32 timeout 500.10736 176730 8897 315128 60324 1827407
samples kb128_n5_obj16 32 timeout 500.56836 167620 12782 320781 60585 1823891
samples kb128_n5_obj16 32 timeout 500.75894 183337 8313 309642 66533 1808829
samples kb128_n5_obj16 32 timeout 500.0583 113375 69091 317999 41707 1774843
samples kb128_n5_obj16 32 timeout 500.00494 74845 125286 300054 25037 1649786
samples kb128_n5_obj16 32 timeout 500.0508 107549 68768 323905 36517 1836208
samples kb128_n5_obj16 32 sat 491.86383 159576 18636 313874 53384 1731043
samples kb128_n5_obj16 32 timeout 500.54153 167954 9660 323495 61804 1735736
samples Langford-4-16 1 unsat 147.11401 141188 2 5839 1593545 1593545
samples Langford-4-16 1 unsat 147.35211 141380 3 5638 1566610 1566610
samples Langford-4-16 1 unsat 148.61552 142072 3 6435 1550013 1550013
samples Langford-4-16 1 unsat 154.09009 147687 3 6348 1640034 1640034
samples Langford-4-16 1 unsat 148.21043 141967 2 6055 1591579 1591579
samples Langford-4-16 1 unsat 147.83952 141705 3 5817 1582580 1582580
samples Langford-4-16 1 unsat 148.28024 142265 2 5753 1590439 1590439
samples Langford-4-16 1 unsat 142.49448 136925 2 5445 1545641 1545641
samples Langford-4-16 1 unsat 149.2882 142909 3 6327 1572959 1572959
samples Langford-4-16 1 unsat 143.69856 138192 3 5441 1542977 1542977
samples Langford-4-16 2 timeout 100.07963 83059 7059 9932 754336 1508765
samples Langford-4-16 2 timeout 117.71561 94602 9774 13311 797889 1595718
samples Langford-4-16 2 timeout 105.15565 89784 4614 10654 771583 1543065
samples Langford-4-16 2 timeout 109.87583 93028 5205 11645 818753 1637493
samples Langford-4-16 2 timeout 106.687294 87758 7384 11494 783065 1566063
samples Langford-4-16 2 timeout 91.796074 79702 3067 8927 791412 1582758
samples Langford-4-16 2 timeout 109.88682 92488 4989 12210 820021 1639813
samples Langford-4-16 2 timeout 105.72345 87827 6743 11114 786896 1573869
samples Langford-4-16 2 timeout 111.57887 90800 8183 12562 810909 1621906
samples Langford-4-16 2 timeout 107.158035 88086 7380 11562 792987 1585923
samples Langford-4-16 4 timeout 78.36965 53512 8230 16355 397328 1588839
samples Langford-4-16 4 timeout 77.66734 53880 7058 16704 407963 1630707
samples Langford-4-16 4 timeout 73.15126 53974 4770 14408 419320 1677505
samples Langford-4-16 4 timeout 72.48035 50132 6878 15099 404857 1616804
samples Langford-4-16 4 timeout 71.875786 50233 6262 15163 390797 1563038
samples Langford-4-16 4 timeout 75.35055 52764 6672 15595 404135 1615349
samples Langford-4-16 4 timeout 71.35245 51036 5393 14720 404230 1614711
samples Langford-4-16 4 timeout 70.16576 49837 6025 14263 405314 1620791
samples Langford-4-16 4 timeout 71.76998 51192 6178 14266 417039 1669054
samples Langford-4-16 4 timeout 72.20981 50863 7388 13959 399498 1597194
samples Langford-4-16 8 timeout 53.120758 31887 4139 17097 212377 1693957
samples Langford-4-16 8 timeout 55.78098 32981 4270 18531 210343 1684683
samples Langford-4-16 8 timeout 50.2024 30859 3855 15491 207520 1662069
samples Langford-4-16 8 timeout 53.188877 30783 5573 16837 208828 1677918
samples Langford-4-16 8 timeout 52.291138 30761 4344 17188 202880 1625832
samples Langford-4-16 8 timeout 53.260666 31882 4200 17181 210705 1686749
samples Langford-4-16 8 timeout 52.200436 31675 3922 16587 208861 1679486
samples Langford-4-16 8 timeout 51.745583 30218 4928 16593 208271 1661957
samples Langford-4-16 8 timeout 55.98252 32075 4838 18749 207758 1657475
samples Langford-4-16 8 timeout 55.244747 32964 3800 18483 208299 1661429
samples Langford-4-16 16 timeout 46.443768 19828 2941 23676 106419 1703033
samples Langford-4-16 16 timeout 44.079453 18765 3722 21585 103579 1657345
samples Langford-4-16 16 timeout 47.312283 18910 4192 24212 105569 1689270
samples Langford-4-16 16 timeout 49.368076 19299 4271 25800 104584 1673759
samples Langford-4-16 16 timeout 45.424812 19078 3530 22819 106556 1703515
samples Langford-4-16 16 timeout 46.33127 19586 3053 23668 105576 1688786
samples Langford-4-16 16 timeout 47.30141 19492 3878 23912 103270 1651210
samples Langford-4-16 16 timeout 48.248165 18633 4573 25028 105165 1682347
samples Langford-4-16 16 timeout 46.84989 19267 3724 23837 105200 1682951
samples Langford-4-16 16 timeout 45.706062 19252 3383 23071 103631 1657622
samples Langford-4-16 32 timeout 58.768944 11828 4576 42364 56456 1806568
samples Langford-4-16 32 timeout 43.796837 10784 3655 29305 52986 1694303
samples Langford-4-16 32 timeout 44.09961 11853 3850 28399 56368 1803177
samples Langford-4-16 32 timeout 55.090508 11909 4764 38419 56146 1794231
samples Langford-4-16 32 timeout 42.965496 11440 3246 28283 55630 1773849
samples Langford-4-16 32 timeout 49.224594 11983 4165 33079 56882 1820221
samples Langford-4-16 32 timeout 47.430603 11456 3353 32533 54545 1735509
samples Langford-4-16 32 timeout 43.57256 11565 3656 28344 55816 1797038
samples Langford-4-16 32 timeout 48.654358 11387 3519 33690 54142 1754350
samples Langford-4-16 32 timeout 49.39205 12014 4192 33151 55675 1790901
samples pigeonsPlus-11-03 1 unsat 201.9088 176835 8 24866 6195950 6195950
samples pigeonsPlus-11-03 1 unsat 204.86691 178430 11 26359 6220836 6220836
samples pigeonsPlus-11-03 1 unsat 204.26982 179070 9 25138 6210754 6210754
samples pigeonsPlus-11-03 1 unsat 194.59409 170881 6 23637 6215175 6215175
samples pigeonsPlus-11-03 1 unsat 198.59917 174068 6 24484 6196486 6196486
samples pigeonsPlus-11-03 1 unsat 208.62085 182971 10 25555 6252470 6252470
samples pigeonsPlus-11-03 1 unsat 208.66652 182486 10 26126 6226601 6226601
samples pigeonsPlus-11-03 1 unsat 198.24171 173638 8 24468 6230446 6230446
samples pigeonsPlus-11-03 1 unsat 198.60263 174598 10 23924 6194350 6194350
samples pigeonsPlus-11-03 1 unsat 210.3086 183358 10 26653 6245495 6245495
samples pigeonsPlus-11-03 2 timeout 144.64108 99299 8534 36722 3175956 6352807
samples pigeonsPlus-11-03 2 timeout 174.06256 121513 7306 45242 3232075 6464475
samples pigeonsPlus-11-03 2 timeout 162.69095 116373 5288 41008 3218031 6436080
samples pigeonsPlus-11-03 2 timeout 162.60133 115069 5625 41902 3233892 6467696
samples pigeonsPlus-11-03 2 timeout 154.47533 107833 7626 39017 3223126 6446263
samples pigeonsPlus-11-03 2 timeout 148.9229 106735 4478 37710 3208997 6417968
samples pigeonsPlus-11-03 2 timeout 174.75264 123158 6467 45127 3242409 6484818
samples pigeonsPlus-11-03 2 timeout 166.76283 113084 10932 42723 3236861 6473675
samples pigeonsPlus-11-03 2 timeout 153.24097 110614 4334 38286 3221280 6442442
samples pigeonsPlus-11-03 2 timeout 160.29057 114654 4677 40960 3226179 6452277
samples pigeonsPlus-11-03 4 timeout 131.97005 70785 7867 53251 1671366 6684915
samples pigeonsPlus-11-03 4 timeout 138.1164 70984 10947 56186 1669902 6679597
samples pigeonsPlus-11-03 4 timeout 125.20338 67517 7701 49941 1663886 6668921
samples pigeonsPlus-11-03 4 timeout 133.80743 70181 8783 54825 1671449 6685992
samples pigeonsPlus-11-03 4 timeout 130.6404 70160 7792 52662 1676230 6704646
samples pigeonsPlus-11-03 4 timeout 134.96077 72471 7354 55102 1675866 6702944
samples pigeonsPlus-11-03 4 timeout 107.12863 59867 5770 41449 1651030 6613918
samples pigeonsPlus-11-03 4 timeout 124.73398 66051 9847 48823 1673493 6693804
samples pigeonsPlus-11-03 4 timeout 119.14874 63985 7998 47165 1664841 6660260
samples pigeonsPlus-11-03 4 timeout 129.0603 66873 9810 52346 1670848 6683374
samples pigeonsPlus-11-03 8 timeout 132.44414 47157 11100 74002 874412 6993920
samples pigeonsPlus-11-03 8 timeout 125.39653 44976 9128 71074 872522 6978923
samples pigeonsPlus-11-03 8 timeout 122.249344 44545 9202 68480 872677 6980784
samples pigeonsPlus-11-03 8 timeout 126.60467 45710 8424 72459 867646 6940567
samples pigeonsPlus-11-03 8 timeout 118.276535 43683 9330 65252 867472 6939421
samples pigeonsPlus-11-03 8 timeout 126.25768 45952 9594 70686 871555 6971285
samples pigeonsPlus-11-03 8 timeout 125.31057 45719 9626 69850 873908 6990240
samples pigeonsPlus-11-03 8 timeout 123.98574 46068 9316 68336 870525 6960893
samples pigeonsPlus-11-03 8 timeout 127.66314 46383 9813 71470 875101 6997640
samples pigeonsPlus-11-03 8 timeout 122.70662 43967 9650 69055 869215 6956636
samples pigeonsPlus-11-03 16 timeout 122.933266 29150 7115 86670 451186 7223870
samples pigeonsPlus-11-03 16 timeout 134.94415 30622 7740 96414 455659 7285710
samples pigeonsPlus-11-03 16 timeout 127.8451 29702 7661 90459 454274 7266564
samples pigeonsPlus-11-03 16 timeout 122.92504 29932 6746 86246 454498 7276188
samples pigeonsPlus-11-03 16 timeout 129.9224 29845 7696 92372 459391 7348742
samples pigeonsPlus-11-03 16 timeout 110.9777 28452 6010 76462 453449 7266277
samples pigeonsPlus-11-03 16 timeout 127.80902 30215 7152 90443 454954 7279869
samples pigeonsPlus-11-03 16 timeout 122.319374 30315 7104 84902 454087 7267143
samples pigeonsPlus-11-03 16 timeout 131.33836 30472 7445 93423 461330 7395306
samples pigeonsPlus-11-03 16 timeout 127.3142 29925 7174 90218 454281 7268565
samples pigeonsPlus-11-03 32 timeout 155.12682 18546 5649 130905 235701 7538925
samples pigeonsPlus-11-03 32 timeout 139.38812 16524 6047 116812 231925 7422664
samples pigeonsPlus-11-03 32 timeout 161.68555 18046 6802 136841 235367 7532072
samples pigeonsPlus-11-03 32 timeout 144.00946 17063 6350 120599 232396 7436884
samples pigeonsPlus-11-03 32 timeout 132.64076 16781 6154 109706 232259 7431826
samples pigeonsPlus-11-03 32 timeout 126.264275 15366 6048 104845 232257 7432265
samples pigeonsPlus-11-03 32 timeout 149.03844 16863 6504 125675 233329 7466610
samples pigeonsPlus-11-03 32 timeout 148.8169 17354 6294 125171 233849 7482832
samples pigeonsPlus-11-03 32 timeout 131.62851 16459 5742 109429 233229 7462954
samples pigeonsPlus-11-03 32 timeout 129.53053 16033 5576 107925 232230 7431275
samples sb_13_13_5_1 1 sat 178.20871 177745 2 268 545533 545533
samples sb_13_13_5_1 1 sat 187.12001 186725 2 289 650811 650811
samples sb_13_13_5_1 1 sat 166.64418 166272 2 240 515095 515095
samples sb_13_13_5_1 1 sat 178.12617 177739 2 274 547040 547040
samples sb_13_13_5_1 1 sat 158.28342 157792 1 223 505587 505587
samples sb_13_13_5_1 1 sat 169.76227 169260 2 253 507047 507047
samples sb_13_13_5_1 1 sat 86.43814 85934 2 80 236890 236890
samples sb_13_13_5_1 1 sat 200.94429 200224 2 290 653194 653194
samples sb_13_13_5_1 1 sat 170.224 169764 2 247 548750 548750
samples sb_13_13_5_1 1 sat 110.34661 109900 2 115 338013 338013
samples sb_13_13_5_1 2 sat 119.25 118573 13 435 378314 768643
samples sb_13_13_5_1 2 sat 83.392365 82745 54 222 255759 502995
samples sb_13_13_5_1 2 sat 88.482864 87744 25 253 277495 551126
samples sb_13_13_5_1 2 sat 86.78811 86272 29 225 268070 534686
samples sb_13_13_5_1 2 sat 67.58475 67326 4 203 185941 382926
samples sb_13_13_5_1 2 sat 79.676125 79305 3 219 240335 485211
samples sb_13_13_5_1 2 sat 108.14432 107708 3 324 357904 699592
samples sb_13_13_5_1 2 sat 37.439915 36870 90 62 97371 201122
samples sb_13_13_5_1 2 sat 83.21899 82787 7 238 250737 500728
samples sb_13_13_5_1 2 sat 69.22336 68836 18 174 210717 418731
samples sb_13_13_5_1 4 sat 31.10864 30819 12 212 108315 433322
samples sb_13_13_5_1 4 sat 48.663563 48094 64 372 164628 683598
samples sb_13_13_5_1 4 sat 30.173485 29845 16 177 103297 406293
samples sb_13_13_5_1 4 sat 23.96643 23384 9 143 87752 356346
samples sb_13_13_5_1 4 sat 35.787777 35308 25 201 124485 498612
samples sb_13_13_5_1 4 sat 45.77979 45222 69 257 141633 519546
samples sb_13_13_5_1 4 sat 39.12826 38821 13 201 135922 544624
samples sb_13_13_5_1 4 sat 51.149517 50324 373 344 173818 714925
samples sb_13_13_5_1 4 sat 44.947975 44258 30 257 109434 559212
samples sb_13_13_5_1 4 sat 55.84145 55091 98 355 185623 726033
samples sb_13_13_5_1 8 sat 3.2481208 2920 13 120 6810 60713
samples sb_13_13_5_1 8 sat 27.300716 26341 171 563 85052 696760
samples sb_13_13_5_1 8 sat 2.2274988 1825 17 212 4734 33342
samples sb_13_13_5_1 8 sat 27.871027 26057 839 659 88146 692298
samples sb_13_13_5_1 8 sat 22.870152 22129 18 408 75231 587170
samples sb_13_13_5_1 8 sat 18.795883 18278 15 305 59400 469377
samples sb_13_13_5_1 8 sat 21.470247 19978 664 406 62181 523709
samples sb_13_13_5_1 8 sat 15.046137 14335 323 396 44216 358687
samples sb_13_13_5_1 8 sat 6.6257534 6260 9 286 18513 136366
samples sb_13_13_5_1 8 sat 19.023123 18768 21 286 60400 467983
samples sb_13_13_5_1 16 sat 9.987915 8918 32 686 28033 435047
samples sb_13_13_5_1 16 sat 6.7611156 6048 8 548 17545 274421
samples sb_13_13_5_1 16 sat 14.5418625 13861 120 653 42217 665494
samples sb_13_13_5_1 16 sat 13.906967 12910 53 652 40541 651250
samples sb_13_13_5_1 16 sat 16.750702 14862 813 936 41631 655294
samples sb_13_13_5_1 16 sat 15.849164 14768 25 822 42135 648427
samples sb_13_13_5_1 16 sat 6.288942 5623 107 399 17368 269953
samples sb_13_13_5_1 16 sat 9.3305435 8351 13 722 25989 398405
samples sb_13_13_5_1 16 sat 14.575083 13852 188 566 42431 657403
samples sb_13_13_5_1 16 sat 20.843029 19190 519 958 64251 930226
samples sb_13_13_5_1 32 sat 12.22564 10661 323 1222 22515 790391
samples sb_13_13_5_1 32 sat 11.584259 10551 60 1077 24387 791622
samples sb_13_13_5_1 32 sat 8.689622 7446 178 1073 13426 382452
samples sb_13_13_5_1 32 sat 15.930114 11540 2620 1574 27341 935936
samples sb_13_13_5_1 32 sat 3.6042795 2998 127 593 4511 166410
samples sb_13_13_5_1 32 sat 9.820237 8594 109 943 20114 634482
samples sb_13_13_5_1 32 sat 9.790067 8661 92 955 20242 647332
samples sb_13_13_5_1 32 sat 10.378541 9122 72 976 22690 697291
samples sb_13_13_5_1 32 sat 8.19174 7399 27 716 18793 532321
samples sb_13_13_5_1 32 sat 13.405541 11901 55 1191 28727 915070
samples SchurrLemma-050-9-mod 1 unsat 114.02626 113406 2 610 426097 426097
samples SchurrLemma-050-9-mod 1 unsat 114.38025 113419 2 593 426821 426821
samples SchurrLemma-050-9-mod 1 unsat 116.78457 115891 2 615 440418 440418
samples SchurrLemma-050-9-mod 1 unsat 116.21109 115343 2 663 441412 441412
samples SchurrLemma-050-9-mod 1 unsat 109.31064 108457 2 549 434381 434381
samples SchurrLemma-050-9-mod 1 unsat 110.18746 109463 2 546 431327 431327
samples SchurrLemma-050-9-mod 1 unsat 110.133286 109447 2 559 427441 427441
samples SchurrLemma-050-9-mod 1 unsat 115.53633 114865 2 646 432849 432849
samples SchurrLemma-050-9-mod 1 unsat 115.59326 114876 2 635 430068 430068
samples SchurrLemma-050-9-mod 1 unsat 109.02409 108499 2 510 424282 424282
samples SchurrLemma-050-9-mod 2 timeout 67.34276 64495 1712 811 224545 449789
samples SchurrLemma-050-9-mod 2 timeout 76.70262 71363 4243 913 231149 462264
samples SchurrLemma-050-9-mod 2 timeout 73.0637 67742 4446 834 224684 449651
samples SchurrLemma-050-9-mod 2 timeout 77.57977 70868 5652 1000 223326 446485
samples SchurrLemma-050-9-mod 2 timeout 73.9197 70279 2663 819 229822 459685
samples SchurrLemma-050-9-mod 2 timeout 73.83748 70865 1918 905 226676 453149
samples SchurrLemma-050-9-mod 2 timeout 75.16072 71733 2387 934 228644 457322
samples SchurrLemma-050-9-mod 2 timeout 73.01363 70282 1965 774 222851 445025
samples SchurrLemma-050-9-mod 2 timeout 71.09577 66072 4070 878 224762 449580
samples SchurrLemma-050-9-mod 2 timeout 74.47803 68850 4504 958 228901 457588
samples SchurrLemma-050-9-mod 4 timeout 41.951794 37457 3500 1001 114755 459050
samples SchurrLemma-050-9-mod 4 timeout 44.619213 37551 5816 1151 115240 460787
samples SchurrLemma-050-9-mod 4 timeout 43.513714 38020 4339 1167 115572 462203
samples SchurrLemma-050-9-mod 4 timeout 45.415592 38366 5802 1260 115233 461076
samples SchurrLemma-050-9-mod 4 timeout 44.76684 40082 3508 1147 114833 459305
samples SchurrLemma-050-9-mod 4 timeout 40.990807 36408 3513 1071 115750 462960
samples SchurrLemma-050-9-mod 4 timeout 40.3333 35014 4287 1035 112733 450973
samples SchurrLemma-050-9-mod 4 timeout 43.657276 37743 4688 1096 114423 457325
samples SchurrLemma-050-9-mod 4 timeout 40.401134 35704 3642 1011 112847 451365
samples SchurrLemma-050-9-mod 4 timeout 40.729755 36394 3215 1128 115227 460952
samples SchurrLemma-050-9-mod 8 timeout 24.330048 20480 2390 1370 59664 477164
samples SchurrLemma-050-9-mod 8 timeout 25.313496 21003 2607 1461 61203 489489
samples SchurrLemma-050-9-mod 8 timeout 25.267628 21204 2543 1384 59772 478063
samples SchurrLemma-050-9-mod 8 timeout 25.351458 20959 2851 1498 59061 472506
samples SchurrLemma-050-9-mod 8 timeout 27.242575 22768 2731 1716 60570 484477
samples SchurrLemma-050-9-mod 8 timeout 26.778439 22397 2536 1626 61672 493229
samples SchurrLemma-050-9-mod 8 timeout 26.430813 23057 1867 1520 60463 483521
samples SchurrLemma-050-9-mod 8 timeout 25.97269 21821 2634 1536 60444 483650
samples SchurrLemma-050-9-mod 8 timeout 25.40871 21374 2258 1478 61056 488532
samples SchurrLemma-050-9-mod 8 timeout 26.5498 21768 3087 1710 61773 492849
samples SchurrLemma-050-9-mod 16 timeout 17.115316 13021 1753 2309 33711 537031
samples SchurrLemma-050-9-mod 16 timeout 16.553488 13286 1280 2017 32772 522100
samples SchurrLemma-050-9-mod 16 timeout 16.558365 13184 1317 2080 33977 542329
samples SchurrLemma-050-9-mod 16 timeout 16.56257 12792 1556 2238 32616 522342
samples SchurrLemma-050-9-mod 16 timeout 16.308231 12928 1254 1921 32852 524374
samples SchurrLemma-050-9-mod 16 timeout 17.957426 13734 1820 2289 32543 520615
samples SchurrLemma-050-9-mod 16 timeout 16.35044 12638 1593 1837 33042 527830
samples SchurrLemma-050-9-mod 16 timeout 16.733376 12802 1864 1889 32807 523319
samples SchurrLemma-050-9-mod 16 timeout 16.294025 12956 1156 2019 32055 514920
samples SchurrLemma-050-9-mod 16 timeout 16.590141 13532 1171 1902 32250 515563
samples SchurrLemma-050-9-mod 32 timeout 14.696836 8989 2248 3504 17184 549978
samples SchurrLemma-050-9-mod 32 timeout 13.700808 9051 1321 3379 17919 576897
samples SchurrLemma-050-9-mod 32 timeout 14.644842 9046 1739 3906 17740 574382
samples SchurrLemma-050-9-mod 32 timeout 13.090077 8718 2057 2310 16760 535746
samples SchurrLemma-050-9-mod 32 timeout 14.122374 8732 2362 3073 17973 574883
samples SchurrLemma-050-9-mod 32 timeout 14.179773 8808 1913 3369 17452 556884
samples SchurrLemma-050-9-mod 32 timeout 13.669992 9014 1502 3191 17130 549734
samples SchurrLemma-050-9-mod 32 timeout 13.528412 8198 2478 2889 17165 549528
samples SchurrLemma-050-9-mod 32 timeout 13.697429 8401 2170 3142 17208 550484
samples SchurrLemma-050-9-mod 32 timeout 14.164567 8169 2439 3574 17024 544537
samples small_bibd_06_50_25 1 timeout 500.0005 480927 5 18619 33321414 33321414 11
samples small_bibd_06_50_25 1 timeout 500.0286 480733 5 19294 33244409 33244409 11
samples small_bibd_06_50_25 1 timeout 500.02682 481110 5 18915 33415247 33415247 11
samples small_bibd_06_50_25 1 timeout 500.04416 480971 6 19070 34108494 34108494 11
samples small_bibd_06_50_25 1 timeout 500.0645 478594 6 21468 33903025 33903025 11
samples small_bibd_06_50_25 1 timeout 500.0328 481228 6 18801 33520032 33520032 11
samples small_bibd_06_50_25 1 timeout 500.02655 480976 6 19048 33018808 33018808 11
samples small_bibd_06_50_25 1 timeout 500.0283 476573 5 23453 32827473 32827473 11
samples small_bibd_06_50_25 1 timeout 500.0642 478591 5 21470 32742930 32742930 11
samples small_bibd_06_50_25 1 timeout 500.00058 479849 6 19674 33824542 33824542 11
samples small_bibd_06_50_25 2 timeout 500.21246 412942 21 87252 24261548 48976599 11
samples small_bibd_06_50_25 2 timeout 500.17 409337 302 90535 25035978 49292732 11
samples small_bibd_06_50_25 2 timeout 500.15048 425566 37 74551 24161625 45615499 11
samples small_bibd_06_50_25 2 timeout 500.15182 408740 53 91361 24604030 49541641 11
samples small_bibd_06_50_25 2 timeout 500.153 413060 316 86780 24651754 49006338 11
samples small_bibd_06_50_25 2 timeout 500.13004 409639 230 90263 25112351 50438165 11
samples small_bibd_06_50_25 2 timeout 500.16162 414246 257 85661 24955389 49869887 11
samples small_bibd_06_50_25 2 timeout 500.06906 414515 15 85544 24409622 49001357 11
samples small_bibd_06_50_25 2 timeout 500.2105 405449 45 94720 24160627 48038547 11
samples small_bibd_06_50_25 2 timeout 500.17252 409044 40 91094 25051958 49780013 11
samples small_bibd_06_50_25 4 timeout 500.3187 330202 121 170000 17911019 70818267 11
samples small_bibd_06_50_25 4 timeout 500.19174 327774 71 172351 17891393 72113933 11
samples small_bibd_06_50_25 4 timeout 500.14008 331671 140 168336 18000047 71713311 11
samples small_bibd_06_50_25 4 timeout 500.16592 329956 63 170153 17143715 69889249 11
samples small_bibd_06_50_25 4 timeout 500.2081 324135 123 175956 16802136 68399850 11
samples small_bibd_06_50_25 4 timeout 500.21094 333365 158 166693 17578811 69043518 11
samples small_bibd_06_50_25 4 timeout 500.19342 330401 68 169729 18030576 70502582 11
samples small_bibd_06_50_25 4 timeout 500.37576 328804 78 171497 17594479 71169788 11
samples small_bibd_06_50_25 4 timeout 500.21143 326304 96 173819 17228601 69606707 11
samples small_bibd_06_50_25 4 timeout 500.29355 324565 117 175617 17919307 70273877 11
samples small_bibd_06_50_25 8 sat 500.1035 220792 440 278877 9007581 73179181 11
samples small_bibd_06_50_25 8 timeout 500.44476 213899 318 286233 10357365 83196789 11
samples small_bibd_06_50_25 8 timeout 500.53653 213302 801 286444 10389135 81810816 11
samples small_bibd_06_50_25 8 sat 275.4113 161380 217 113701 8366028 66921430 11
samples small_bibd_06_50_25 8 timeout 500.50983 214717 426 285378 10286045 82028183 11
samples small_bibd_06_50_25 8 sat 500.11438 210754 317 289050 10245491 81828808 11
samples small_bibd_06_50_25 8 timeout 500.5014 215036 500 284970 10260035 81307700 11
samples small_bibd_06_50_25 8 sat 500.00638 215008 430 284575 10070970 81845158 11
samples small_bibd_06_50_25 8 sat 500.0225 210886 397 288748 10064615 80751794 11
samples small_bibd_06_50_25 8 sat 500.00058 216291 541 283117 10110766 75853558 11
samples small_bibd_06_50_25 16 timeout 500.00345 118931 789 380298 4884033 77775901 11
samples small_bibd_06_50_25 16 sat 500.2915 118005 1517 380777 4332554 75387673 11
samples small_bibd_06_50_25 16 timeout 500.79852 117162 1382 382264 4759487 76784382 11
samples small_bibd_06_50_25 16 timeout 501.0679 120052 964 380060 4947252 78512977 11
samples small_bibd_06_50_25 16 sat 500.37527 117078 1137 382172 4850256 77653417 11
samples small_bibd_06_50_25 16 sat 500.3468 121590 1446 377323 4292626 73710162 11
samples small_bibd_06_50_25 16 sat 500.0512 118101 1336 380624 4771151 78365873 11
samples small_bibd_06_50_25 16 sat 207.93083 71553 621 135484 3156113 52440671 11
samples small_bibd_06_50_25 16 timeout 500.98376 115259 2118 383617 4539093 74459123 11
samples small_bibd_06_50_25 16 sat 500.23773 118857 1946 379443 4728013 77329810 11
samples small_bibd_06_50_25 32 timeout 500.11484 53231 1782 445117 1836101 60077160 11
samples small_bibd_06_50_25 32 timeout 500.06403 54871 1704 443504 1916710 61678715 11
samples small_bibd_06_50_25 32 timeout 500.1596 55919 1937 442326 1963407 61822473 11
samples small_bibd_06_50_25 32 sat 500.22574 51734 3270 445235 1832398 60334100 11
samples small_bibd_06_50_25 32 sat 500.0009 52455 2994 444485 1877061 60788490 11
samples small_bibd_06_50_25 32 sat 500.89404 53684 3001 444221 1894894 61787243 11
samples small_bibd_06_50_25 32 sat 500.8647 54726 2169 443979 1978514 63199023 11
samples small_bibd_06_50_25 32 sat 500.30475 55204 2614 442501 2007662 63595438 11
samples small_bibd_06_50_25 32 sat 500.57938 53603 1870 445128 1916387 59894764 11
samples small_bibd_06_50_25 32 sat 500.3352 56357 1610 442380 2051423 64622179 11
