samples 07 1 sat 43.133675 42973 2 29 37708 37708
samples 07 1 sat 25.304653 24988 2 20 21437 21437
samples 07 1 sat 26.060844 25984 1 18 24186 24186
samples 07 1 sat 46.21227 45968 2 33 40448 40448
samples 07 1 sat 3.4147363 3005 1 7 2373 2373
samples 07 1 sat 2.5729108 2504 0 4 2632 2632
samples 07 1 sat 9.240873 9001 1 11 7908 7908
samples 07 1 sat 6.349826 5999 0 8 5149 5149
samples 07 1 sat 10.272321 9991 0 12 8507 8507
samples 07 1 sat 53.32697 52965 2 37 43895 43895
samples 07 2 sat 9.622181 9467 9 33 7443 13692
samples 07 2 sat 9.611529 9473 8 23 7140 13943
samples 07 2 sat 15.091296 14963 9 33 10106 21865
samples 07 2 sat 4.7872443 4487 1 16 3409 7067
samples 07 2 sat 24.892303 24425 15 63 19984 37815
samples 07 2 sat 1.610003 1501 0 4 875 1518
samples 07 2 sat 6.572385 6466 13 27 5712 10521
samples 07 2 sat 3.5808077 3471 19 17 2578 5105
samples 07 2 sat 16.979126 16461 15 30 11273 25944
samples 07 2 sat 1.6073529 1499 1 6 755 1299
samples 07 4 sat 17.893723 17352 77 79 11321 47909
samples 07 4 sat 10.679245 10388 35 82 7404 30396
samples 07 4 sat 9.125881 8890 57 62 5941 22690
samples 07 4 sat 8.298111 7821 80 108 5400 21050
samples 07 4 sat 11.41439 10860 68 84 7844 31360
samples 07 4 sat 3.7114944 3451 7 48 2100 8569
samples 07 4 sat 1.6144139 1496 3 14 604 2127
samples 07 4 sat 2.7730155 2457 7 45 1468 6021
samples 07 4 sat 2.1190085 1987 2 35 796 3649
samples 07 4 sat 9.634958 9368 76 60 5737 23613
samples 07 8 sat 7.7293797 7254 46 216 4564 30087
samples 07 8 sat 1.6683211 1423 66 76 427 2098
samples 07 8 sat 1.8871336 1442 40 69 340 3280
samples 07 8 sat 7.103933 6836 92 82 3607 28372
samples 07 8 sat 4.1546354 3910 52 55 1942 11866
samples 07 8 sat 2.187453 1883 32 102 484 4244
samples 07 8 sat 1.7377369 1438 63 54 299 1987
samples 07 8 sat 9.621632 9290 104 117 4054 37978
samples 07 8 sat 4.156546 3911 18 87 1426 12862
samples 07 8 sat 3.1156514 2921 17 70 1127 8340
samples 07 16 sat 1.7675185 1359 151 136 138 1903
samples 07 16 sat 6.1528783 5768 139 118 2066 27467
samples 07 16 sat 2.3203707 1795 179 215 254 3307
samples 07 16 sat 3.4706385 2767 63 191 642 12913
samples 07 16 sat 2.6512537 2330 115 74 422 6160
samples 07 16 sat 2.6463192 2324 130 67 367 7216
samples 07 16 sat 6.1893234 5812 99 119 2029 30745
samples 07 16 sat 2.6344454 2294 125 102 278 6682
samples 07 16 sat 1.8148761 1405 113 41 94 1508
samples 07 16 sat 2.2010767 1808 105 103 358 5164
samples 07 32 sat 5.7117224 4877 183 476 819 24626
samples 07 32 sat 2.3922238 1810 97 320 146 2872
samples 07 32 sat 1.3856597 1075 31 7 93 1218
samples 07 32 sat 2.7146018 2053 100 398 192 4897
samples 07 32 sat 1.3964317 1086 109 9 63 820
samples 07 32 sat 1.3604918 1038 25 5 93 1793
samples 07 32 sat 1.4150555 1112 45 6 93 1174
samples 07 32 sat 0.9918876 614 13 4 62 1201
samples 07 32 sat 2.7063565 1895 164 479 172 4293
samples 07 32 sat 1.4739996 1120 38 7 93 1254
samples 16 1 sat 39.734173 39430 1 75 684474 684474
samples 16 1 sat 16.604622 16487 0 20 286771 286771
samples 16 1 sat 10.468454 9994 0 11 176403 176403
samples 16 1 sat 20.479982 19982 0 23 349138 349138
samples 16 1 sat 7.0706677 6995 0 11 118747 118747
samples 16 1 sat 72.15381 71777 2 227 1270026 1270026
samples 16 1 sat 0.54470575 506 0 2 4108 4108
samples 16 1 sat 2.7305865 2502 0 4 38246 38246
samples 16 1 sat 53.7512 53387 1 118 944110 944110
samples 16 1 sat 8.1659975 7996 0 8 142008 142008
samples 16 2 sat 3.2531657 2993 0 15 46341 92528
samples 16 2 sat 1.5628144 1499 0 9 19678 39490
samples 16 2 sat 12.535335 12466 1 39 188313 391714
samples 16 2 sat 41.18819 40785 3 223 663282 1271368
samples 16 2 sat 6.137241 5983 1 22 102422 199125
samples 16 2 sat 25.384274 24913 7 87 429880 857435
samples 16 2 sat 4.87936 4470 1 36 70507 143579
samples 16 2 sat 16.410616 15957 3 46 235119 503817
samples 16 2 sat 5.1228437 4984 0 23 75845 149914
samples 16 2 sat 7.8384066 7476 0 30 122312 222940
samples 16 4 sat 3.021498 2933 1 76 43331 173297
samples 16 4 sat 7.5217886 7420 3 85 103724 431451
samples 16 4 sat 6.8868794 6382 2 123 104216 418366
samples 16 4 sat 22.529331 22325 6 178 369695 1440123
samples 16 4 sat 18.270952 17820 1 188 292942 1148657
samples 16 4 sat 6.8154683 6427 1 79 107235 423810
samples 16 4 sat 9.745368 9420 3 84 140704 598841
samples 16 4 sat 24.311419 23752 18 241 392607 1524828
samples 16 4 sat 5.794043 5440 3 63 92199 358592
samples 16 4 sat 6.5948486 6443 4 60 92654 392350
samples 16 8 sat 6.8991904 6434 3 74 92942 807999
samples 16 8 sat 13.964981 13323 4 183 206233 1622009
samples 16 8 sat 1.3227384 981 0 27 11988 94946
samples 16 8 sat 5.9727073 5431 2 81 82703 651928
samples 16 8 sat 4.2530646 3656 4 351 56184 410433
samples 16 8 sat 3.5980012 3459 1 49 48364 381084
samples 16 8 sat 3.7142925 3460 2 50 47578 387153
samples 16 8 sat 17.287672 16669 19 326 254018 2020751
samples 16 8 sat 3.0748236 2889 2 122 37861 294611
samples 16 8 sat 1.7789319 1464 1 43 20865 160657
samples 16 16 sat 4.8188744 4247 5 275 57493 900838
samples 16 16 sat 2.1761413 1831 2 185 15684 276591
samples 16 16 sat 3.839 3302 4 237 43048 653436
samples 16 16 sat 1.9141208 1372 1 139 18139 266880
samples 16 16 sat 3.2562718 2863 4 155 37259 590862
samples 16 16 sat 3.497017 2816 4 201 40807 645411
samples 16 16 sat 4.5579433 4292 5 225 55797 875335
samples 16 16 sat 4.9466944 4209 6 305 61045 946707
samples 16 16 sat 5.661337 5306 5 206 68194 1084587
samples 16 16 sat 7.642215 7260 10 262 82193 1367159
samples 16 32 sat 2.3772933 1819 4 232 17940 608290
samples 16 32 sat 0.9779772 514 1 252 2695 80144
samples 16 32 sat 1.3031405 783 1 235 4633 144789
samples 16 32 sat 2.858258 2200 3 329 19770 679508
samples 16 32 sat 1.0676674 808 3 210 2807 80674
samples 16 32 sat 1.1509731 865 2 153 4660 129768
samples 16 32 sat 1.1619903 804 2 210 4363 120279
samples 16 32 sat 2.216991 1709 5 343 12521 473130
samples 16 32 sat 1.9343654 1262 2 266 12895 432360
samples 16 32 sat 3.4287822 2733 9 310 33072 999245
samples 3_9 1 sat 193.33765 192613 3 391 367448 367448 70802
samples 3_9 1 sat 285.94577 284699 3 806 452603 452603 70802
samples 3_9 1 sat 287.88376 286657 3 849 453552 453552 70802
samples 3_9 1 sat 271.7918 270753 2 753 440612 440612 70802
samples 3_9 1 sat 254.91888 253837 2 671 403118 403118 70802
samples 3_9 1 sat 188.03902 187611 3 394 364273 364273 70802
samples 3_9 1 sat 226.73483 225988 3 517 420811 420811 70802
samples 3_9 1 sat 236.04477 235461 2 544 392626 392626 70802
samples 3_9 1 sat 210.56146 210002 3 504 397413 397413 70802
samples 3_9 1 sat 239.34914 238397 3 607 462034 462034 70802
samples 3_9 2 sat 127.17381 126380 7 628 199293 396968 70802
samples 3_9 2 sat 162.48418 160923 39 1052 245124 490382 70802
samples 3_9 2 sat 173.65746 172350 44 1119 263376 523561 70802
samples 3_9 2 sat 161.26474 159715 199 1101 246862 493144 70802
samples 3_9 2 sat 152.28236 151006 6 1001 231750 456998 70802
samples 3_9 2 sat 132.0327 131353 41 625 209138 405665 70802
samples 3_9 2 sat 138.40881 137230 15 771 205254 417783 70802
samples 3_9 2 sat 158.50302 157574 13 924 243606 488545 70802
samples 3_9 2 sat 142.11446 141147 22 847 214449 436451 70802
samples 3_9 2 sat 182.039 180611 5 1397 268159 540461 70802
samples 3_9 4 sat 89.67112 88209 26 1285 136658 540128 70802
samples 3_9 4 sat 83.09718 81767 40 1232 129025 512795 70802
samples 3_9 4 sat 79.85849 78432 49 1043 124441 494666 70802
samples 3_9 4 sat 84.06566 82835 79 1112 125932 502487 70802
samples 3_9 4 sat 77.872086 76302 38 1178 125842 498596 70802
samples 3_9 4 sat 88.398224 86310 64 1645 131994 535000 70802
samples 3_9 4 sat 67.62776 66583 34 912 98001 401872 70802
samples 3_9 4 sat 98.28743 96494 49 1475 146939 590754 70802
samples 3_9 4 sat 71.47337 70059 42 922 110354 432185 70802
samples 3_9 4 sat 60.03856 59271 19 738 93986 374368 70802
samples 3_9 8 sat 56.10822 53771 83 2182 82431 646730 70802
samples 3_9 8 sat 65.8192 62158 307 3076 88066 726672 70802
samples 3_9 8 sat 57.415455 54208 60 2782 83705 642588 70802
samples 3_9 8 sat 55.398724 52840 49 2158 81123 636023 70802
samples 3_9 8 sat 61.516796 58856 48 2641 88806 701469 70802
samples 3_9 8 sat 56.22437 53572 55 2422 81915 639520 70802
samples 3_9 8 sat 66.72344 63657 99 2798 96369 759081 70802
samples 3_9 8 sat 66.52232 63235 69 3244 88587 722861 70802
samples 3_9 8 sat 67.05621 63946 56 3046 91090 735725 70802
samples 3_9 8 sat 63.03376 60143 55 2866 86471 678785 70802
samples 3_9 16 sat 43.574924 38757 131 4722 52819 850511 70802
samples 3_9 16 sat 34.761524 30924 64 3593 40837 661218 70802
samples 3_9 16 sat 40.20462 35448 158 4488 47621 762171 70802
samples 3_9 16 sat 52.662415 46336 78 6201 61286 984012 70802
samples 3_9 16 sat 39.182575 35031 62 4007 49014 764224 70802
samples 3_9 16 sat 42.07094 37493 152 4458 48891 800120 70802
samples 3_9 16 sat 42.059208 37135 71 4885 50088 799610 70802
samples 3_9 16 sat 32.565308 29801 66 2740 41464 665726 70802
samples 3_9 16 sat 47.064167 41858 67 5180 56092 910304 70802
samples 3_9 16 sat 48.563625 42942 82 5564 57264 906159 70802
samples 3_9 32 sat 36.274666 27124 166 8904 33121 1081061 70802
samples 3_9 32 sat 35.187305 26373 289 8503 31979 1026323 70802
samples 3_9 32 sat 34.20725 25470 88 8637 31833 997550 70802
samples 3_9 32 sat 40.305023 28529 986 10621 32582 1083583 70802
samples 3_9 32 sat 47.377895 32639 139 14436 36876 1181477 70802
samples 3_9 32 sat 41.608 30203 346 11116 36584 1169240 70802
samples 3_9 32 sat 37.676 27329 223 10118 32616 1057973 70802
samples 3_9 32 sat 41.639244 29570 395 11708 35242 1119440 70802
samples 3_9 32 sat 38.626537 28522 160 10018 32905 1055363 70802
samples 3_9 32 sat 33.657566 24237 1244 8204 30989 990658 70802
samples Dubois-022 1 unsat 140.24954 123566 8 16647 8942630 8942630
samples Dubois-022 1 unsat 112.0982 97788 6 14305 8908980 8908980
samples Dubois-022 1 unsat 117.74837 103742 6 14000 8787290 8787290
samples Dubois-022 1 unsat 123.5482 107938 7 15602 8606725 8606725
samples Dubois-022 1 unsat 152.44733 135324 7 17086 8655530 8655530
samples Dubois-022 1 unsat 119.889404 103163 7 16704 8684216 8684216
samples Dubois-022 1 unsat 149.4088 131015 6 18386 9039199 9039199
samples Dubois-022 1 unsat 136.58736 120586 7 15990 8887803 8887803
samples Dubois-022 1 unsat 125.524956 110841 6 14668 8942959 8942959
samples Dubois-022 1 unsat 133.34323 116730 6 16600 8814055 8814055
samples Dubois-022 2 timeout 110.925964 84605 4783 21536 4184245 8368464
samples Dubois-022 2 timeout 114.67953 84693 7766 22216 4538361 9077083
samples Dubois-022 2 timeout 124.530785 93483 8501 22527 4136228 8272449
samples Dubois-022 2 timeout 118.1667 83556 10191 24293 4241733 8466414
samples Dubois-022 2 timeout 134.06522 96763 11524 25777 4494413 8988607
samples Dubois-022 2 timeout 143.51453 105037 10218 28258 4421784 8842377
samples Dubois-022 2 timeout 104.08199 77496 6442 20121 3913028 7826559
samples Dubois-022 2 timeout 131.49281 93388 11982 26052 4430727 8860575
samples Dubois-022 2 timeout 112.85 83373 6650 22824 4475807 8951094
samples Dubois-022 2 timeout 125.40157 89270 11849 24273 4418854 8837065
samples Dubois-022 4 timeout 90.62115 52626 10801 27089 2203929 8810071
samples Dubois-022 4 timeout 93.13716 55317 10924 26893 2046030 8184145
samples Dubois-022 4 timeout 89.80049 55251 7997 26551 2044660 8178108
samples Dubois-022 4 timeout 93.67084 55838 10676 27029 2120671 8489922
samples Dubois-022 4 timeout 81.102325 46128 11022 23877 2098914 8391001
samples Dubois-022 4 timeout 90.26789 53775 10911 25351 2210868 8837169
samples Dubois-022 4 timeout 100.24873 64118 7935 28007 2140769 8555547
samples Dubois-022 4 timeout 85.44927 52975 8569 23580 2117460 8464250
samples Dubois-022 4 timeout 98.616905 58785 11021 28806 2030613 8122398
samples Dubois-022 4 timeout 102.38955 59458 15460 27473 2078476 8313984
samples Dubois-022 8 timeout 94.59035 43477 16000 35082 1092754 8799015
samples Dubois-022 8 timeout 78.41873 33684 13863 30779 1037134 8293206
samples Dubois-022 8 timeout 98.19472 53190 7852 37020 1133092 9232440
samples Dubois-022 8 timeout 81.06493 37190 11866 32008 1140612 9234970
samples Dubois-022 8 timeout 80.20855 39314 9965 30757 1099248 8792172
samples Dubois-022 8 timeout 72.751396 35011 9034 28490 1072694 8554198
samples Dubois-022 8 timeout 74.41463 34612 9996 29486 1101757 8779782
samples Dubois-022 8 timeout 71.53834 33541 9947 28053 1126750 8965100
samples Dubois-022 8 timeout 85.591484 43135 11167 31248 1098529 8781139
samples Dubois-022 8 timeout 80.3345 39372 8274 32382 1146791 9174066
samples Dubois-022 16 timeout 61.069626 21745 8603 30724 501485 8090864
samples Dubois-022 16 timeout 76.08099 27169 10159 38749 514768 8252521
samples Dubois-022 16 timeout 70.2303 26602 9210 34419 532634 8524217
samples Dubois-022 16 timeout 68.80214 23743 11169 33893 517097 8274182
samples Dubois-022 16 timeout 63.91203 20602 10776 32527 519385 8309068
samples Dubois-022 16 timeout 69.577934 24581 10867 34133 513694 8255439
samples Dubois-022 16 timeout 68.561264 23648 9403 35511 518175 8291563
samples Dubois-022 16 timeout 78.85318 25889 14919 38039 523770 8378254
samples Dubois-022 16 timeout 77.82484 27674 10381 39765 541746 8664216
samples Dubois-022 16 timeout 62.420498 19716 12039 30661 522840 8367798
samples Dubois-022 32 timeout 60.10085 16238 7394 36458 241229 7715936
samples Dubois-022 32 timeout 60.661922 15718 7016 37874 240865 7693126
samples Dubois-022 32 timeout 56.722828 14271 7756 34696 235236 7530793
samples Dubois-022 32 timeout 66.768074 16136 9486 41142 245883 7865983
samples Dubois-022 32 timeout 57.726772 14828 7543 35356 242887 7773601
samples Dubois-022 32 timeout 52.695255 15409 5757 31532 236390 7560247
samples Dubois-022 32 timeout 63.87009 18673 5919 39280 235459 7531741
samples Dubois-022 32 timeout 61.97715 16180 7920 37879 244494 7823617
samples Dubois-022 32 timeout 62.55626 16325 7450 38774 244224 7810900
samples Dubois-022 32 timeout 59.1932 15410 6326 37459 233413 7468195
samples exp1-1-5670 1 sat 185.73111 185183 3 324 832404 832404 2
samples exp1-1-5670 1 sat 176.96597 176183 2 325 818932 818932 2
samples exp1-1-5670 1 sat 186.22916 185648 3 359 871251 871251 2
samples exp1-1-5670 1 sat 176.90353 176200 3 306 825054 825054 2
samples exp1-1-5670 1 sat 177.50719 177186 3 321 802615 802615 2
samples exp1-1-5670 1 sat 188.7913 188166 3 341 872599 872599 2
samples exp1-1-5670 1 sat 193.67 193138 2 370 893378 893378 2
samples exp1-1-5670 1 sat 169.50845 169214 3 294 761861 761861 2
samples exp1-1-5670 1 sat 176.6419 176196 2 312 853593 853593 2
samples exp1-1-5670 1 sat 197.43831 196648 2 360 878569 878569 2
samples exp1-1-5670 2 sat 115.91069 115079 7 428 532464 1059785 2
samples exp1-1-5670 2 sat 104.25558 103604 22 391 475342 927627 2
samples exp1-1-5670 2 sat 109.93662 109083 3 428 530785 1029654 2
samples exp1-1-5670 2 sat 109.05164 108581 27 408 479703 967764 2
samples exp1-1-5670 2 sat 105.34503 104648 29 353 473905 964842 2
samples exp1-1-5670 2 sat 108.81951 108117 15 385 484421 982205 2
samples exp1-1-5670 2 sat 103.735695 103143 59 317 459570 892463 2
samples exp1-1-5670 2 sat 113.829765 113092 13 411 504913 996361 2
samples exp1-1-5670 2 sat 112.44381 111625 5 383 519366 1001254 2
samples exp1-1-5670 2 sat 120.504776 119988 16 512 570800 1110041 2
samples exp1-1-5670 4 sat 59.526558 59149 35 341 283493 1101166 2
samples exp1-1-5670 4 sat 65.48573 64533 50 435 323509 1246212 2
samples exp1-1-5670 4 sat 77.00836 76254 78 697 350344 1423523 2
samples exp1-1-5670 4 sat 62.283024 61609 50 365 308483 1182088 2
samples exp1-1-5670 4 sat 74.00419 73291 15 721 345646 1405137 2
samples exp1-1-5670 4 sat 68.506 67860 105 560 327257 1287714 2
samples exp1-1-5670 4 sat 67.05787 66551 34 435 338838 1320575 2
samples exp1-1-5670 4 sat 65.33801 64540 49 436 304022 1203460 2
samples exp1-1-5670 4 sat 62.627583 62109 22 395 298408 1193191 2
samples exp1-1-5670 4 sat 60.055614 59593 4 422 284929 1139254 2
samples exp1-1-5670 8 sat 40.503204 39790 10 732 191199 1484414 2
samples exp1-1-5670 8 sat 45.751495 44634 46 863 208948 1668811 2
samples exp1-1-5670 8 sat 41.70041 40833 43 674 194816 1534182 2
samples exp1-1-5670 8 sat 43.50569 42770 11 753 200678 1590463 2
samples exp1-1-5670 8 sat 39.00673 38368 80 594 174299 1427362 2
samples exp1-1-5670 8 sat 43.503494 42839 39 667 203308 1639823 2
samples exp1-1-5670 8 sat 41.948574 40754 84 708 190625 1523147 2
samples exp1-1-5670 8 sat 52.508335 51250 248 1037 243175 1934760 2
samples exp1-1-5670 8 sat 53.5888 52498 81 961 243238 1979550 2
samples exp1-1-5670 8 sat 42.350185 41322 52 664 181207 1462731 2
samples exp1-1-5670 16 sat 30.535769 29180 111 1288 119424 1843838 2
samples exp1-1-5670 16 sat 32.920265 31043 142 1389 141084 2156644 2
samples exp1-1-5670 16 sat 40.884468 38994 108 1474 161060 2507692 2
samples exp1-1-5670 16 sat 33.007458 31790 80 1191 140913 2231643 2
samples exp1-1-5670 16 sat 30.511225 29045 303 1210 131942 2048026 2
samples exp1-1-5670 16 sat 36.14678 34534 139 1389 126729 2087091 2
samples exp1-1-5670 16 sat 27.998247 26411 55 1108 123088 1927906 2
samples exp1-1-5670 16 sat 32.51794 31068 137 1373 135864 2275493 2
samples exp1-1-5670 16 sat 33.009182 31565 47 1449 133676 2149306 2
samples exp1-1-5670 16 sat 29.821524 28116 217 1238 131512 2066648 2
samples exp1-1-5670 32 sat 26.27626 23994 101 2016 94222 3020740 2
samples exp1-1-5670 32 sat 23.05705 19908 1352 1829 80602 2837527 2
samples exp1-1-5670 32 sat 24.259502 22124 210 1761 86540 2707454 2
samples exp1-1-5670 32 sat 23.06969 21089 74 1934 93260 2888113 2
samples exp1-1-5670 32 sat 23.54173 21426 316 1853 93583 2867186 2
samples exp1-1-5670 32 sat 23.278214 20044 1363 1676 74743 2683136 2
samples exp1-1-5670 32 sat 24.523567 22179 66 2349 89617 2822000 2
samples exp1-1-5670 32 sat 23.572237 21484 193 1940 93621 2885650 2
samples exp1-1-5670 32 sat 20.903687 18982 167 1486 82634 2599826 2
samples exp1-1-5670 32 sat 23.528929 21754 54 1770 84985 2740881 2
samples handball1 1 sat 130.82487 130048 2 459 2090066 2090066 2
samples handball1 1 sat 118.10833 117654 2 351 1868993 1868993 2
samples handball1 1 sat 128.25226 127617 3 390 1962645 1962645 2
samples handball1 1 sat 120.35249 119637 2 370 1962338 1962338 2
samples handball1 1 sat 129.58296 129065 2 441 2141750 2141750 2
samples handball1 1 sat 123.85223 123161 2 346 1997365 1997365 2
samples handball1 1 sat 128.19691 127609 2 398 2072996 2072996 2
samples handball1 1 sat 127.3902 126573 2 433 2051709 2051709 2
samples handball1 1 sat 129.99615 129049 3 457 2039426 2039426 2
samples handball1 1 sat 120.1632 119670 2 335 1940677 1940677 2
samples handball1 2 sat 82.55248 81848 17 651 1293639 2576895 2
samples handball1 2 sat 69.50184 69065 22 422 1070932 2075582 2
samples handball1 2 sat 82.22554 81356 16 646 1260766 2516465 2
samples handball1 2 sat 72.37821 71528 7 483 1106755 2223582 2
samples handball1 2 sat 63.321842 62550 75 390 948162 1946512 2
samples handball1 2 sat 69.837204 69060 17 440 997771 2056629 2
samples handball1 2 sat 68.54703 68115 12 392 1052032 2074472 2
samples handball1 2 sat 73.004295 72447 13 555 1142215 2224106 2
samples handball1 2 sat 74.31758 73480 24 511 1155761 2257019 2
samples handball1 2 sat 70.057816 69512 18 490 1067885 2038639 2
samples handball1 4 sat 52.174625 51369 59 595 754289 3116946 2
samples handball1 4 sat 50.039566 49490 33 499 689017 2893744 2
samples handball1 4 sat 46.008816 45503 24 497 690216 2661638 2
samples handball1 4 sat 45.47043 44542 16 458 654700 2549220 2
samples handball1 4 sat 43.970543 43071 58 390 682105 2633883 2
samples handball1 4 sat 46.70883 46131 28 362 675467 2704614 2
samples handball1 4 sat 47.504192 46920 52 547 699561 2758720 2
samples handball1 4 sat 45.934544 45008 58 475 691893 2647238 2
samples handball1 4 sat 43.420372 42538 44 440 625422 2552468 2
samples handball1 4 sat 42.00336 41590 35 389 601501 2274247 2
samples handball1 8 sat 32.505764 31933 49 549 416083 3455028 2
samples handball1 8 sat 30.884869 29884 38 609 378534 3225165 2
samples handball1 8 sat 31.28698 30449 94 493 409674 3270821 2
samples handball1 8 sat 36.03668 35218 52 783 484461 3792939 2
samples handball1 8 sat 28.57238 27949 74 511 387199 3074841 2
samples handball1 8 sat 29.556402 28842 39 656 386026 3092433 2
samples handball1 8 sat 32.52196 31663 41 827 438825 3443347 2
samples handball1 8 sat 29.96594 28965 26 549 414551 3209696 2
samples handball1 8 sat 31.508131 30829 47 653 399665 3365267 2
samples handball1 8 sat 32.44209 31399 64 583 422461 3435955 2
samples handball1 16 sat 22.608316 21384 129 1034 269405 4332829 2
samples handball1 16 sat 24.083378 23060 43 961 282222 4603197 2
samples handball1 16 sat 21.494616 20364 71 643 249548 3897434 2
samples handball1 16 sat 23.455063 21911 46 1100 298571 4684221 2
samples handball1 16 sat 22.73347 21756 78 744 283585 4324713 2
samples handball1 16 sat 23.066788 21620 280 1191 255331 4153320 2
samples handball1 16 sat 20.581282 19727 64 787 261144 4116637 2
samples handball1 16 sat 23.360039 22274 43 742 295848 4454925 2
samples handball1 16 sat 21.576723 20493 37 1037 248112 4059464 2
samples handball1 16 sat 22.771399 21576 92 882 267049 4183980 2
samples handball1 32 sat 19.27318 17196 100 1810 196260 6270481 2
samples handball1 32 sat 17.557674 15936 55 1611 181817 6022599 2
samples handball1 32 sat 18.27849 16510 94 1518 178128 5989126 2
samples handball1 32 sat 19.546034 17668 69 1861 204054 6573251 2
samples handball1 32 sat 18.07739 15956 553 1601 181014 6076245 2
samples handball1 32 sat 20.073702 17868 542 1690 206154 6933049 2
samples handball1 32 sat 17.53165 15971 122 1496 191306 5746842 2
samples handball1 32 sat 17.213297 15530 161 1416 170657 5766625 2
samples handball1 32 sat 17.160784 15586 75 1453 192245 6054506 2
samples handball1 32 sat 19.067513 17550 56 1522 195095 6185028 2
samples kb128_n5_obj16 1 sat 121.07489 120984 2 53 74883 74883
samples kb128_n5_obj16 1 sat 296.6508 296348 3 189 188339 188339
samples kb128_n5_obj16 1 sat 148.79617 148447 2 87 97252 97252
samples kb128_n5_obj16 1 sat 139.76631 139459 2 78 89851 89851
samples kb128_n5_obj16 1 sat 129.37743 129058 2 59 76927 76927
samples kb128_n5_obj16 1 sat 52.77325 52525 1 17 35152 35152
samples kb128_n5_obj16 1 sat 154.72685 154467 2 69 104770 104770
samples kb128_n5_obj16 1 sat 137.75247 137459 2 76 89838 89838
samples kb128_n5_obj16 1 sat 6.822707 6532 0 5 7314 7314
samples kb128_n5_obj16 1 sat 101.82995 101498 2 40 61970 61970
samples kb128_n5_obj16 2 sat 72.299416 71885 113 70 48724 95551
samples kb128_n5_obj16 2 sat 24.818964 22065 2515 36 14142 33990
samples kb128_n5_obj16 2 sat 83.984505 83367 106 100 58108 112391
samples kb128_n5_obj16 2 sat 62.2896 61929 68 70 42756 84251
samples kb128_n5_obj16 2 sat 65.2679 64761 251 84 46011 87411
samples kb128_n5_obj16 2 sat 53.359886 52974 21 64 36092 72726
samples kb128_n5_obj16 2 sat 55.28374 54850 167 56 34854 75534
samples kb128_n5_obj16 2 sat 57.387665 56961 40 79 37762 74049
samples kb128_n5_obj16 2 sat 53.8214 53377 88 87 38340 72643
samples kb128_n5_obj16 2 sat 65.31291 64921 57 69 44877 90051
samples kb128_n5_obj16 4 sat 40.292877 39970 1 186 28244 98063
samples kb128_n5_obj16 4 sat 28.251392 28049 1 101 22198 82416
samples kb128_n5_obj16 4 sat 34.81542 33561 959 126 20475 88988
samples kb128_n5_obj16 4 sat 42.81013 42475 2 151 28186 106752
samples kb128_n5_obj16 4 sat 35.706264 33778 1723 120 23238 94014
samples kb128_n5_obj16 4 sat 24.305237 23564 468 84 18983 71814
samples kb128_n5_obj16 4 sat 35.892517 35496 2 153 20123 77913
samples kb128_n5_obj16 4 sat 28.314497 26361 1661 111 15074 71635
samples kb128_n5_obj16 4 sat 45.876503 40955 4472 170 24920 111016
samples kb128_n5_obj16 4 sat 1.4227893 1115 19 8 1157 4189
samples kb128_n5_obj16 8 sat 23.902678 22437 1065 145 10890 97315
samples kb128_n5_obj16 8 sat 8.81851 8543 0 73 5156 41941
samples kb128_n5_obj16 8 sat 29.340183 28898 65 260 15568 118825
samples kb128_n5_obj16 8 sat 26.356201 25771 204 191 15871 107634
samples kb128_n5_obj16 8 sat 29.816626 28501 885 289 15886 130834
samples kb128_n5_obj16 8 sat 3.498031 2576 566 57 2279 16158
samples kb128_n5_obj16 8 sat 29.307661 28664 299 224 17880 112962
samples kb128_n5_obj16 8 sat 14.976182 12252 2292 108 4776 63389
samples kb128_n5_obj16 8 sat 26.765244 26316 96 241 14664 106829
samples kb128_n5_obj16 8 sat 1.972262 1477 122 124 794 10800
samples kb128_n5_obj16 16 sat 33.48567 29677 2900 722 8720 163773
samples kb128_n5_obj16 16 sat 27.930729 25321 1658 759 8914 147448
samples kb128_n5_obj16 16 sat 29.141975 27808 887 566 11646 160547
samples kb128_n5_obj16 16 sat 31.675909 30146 967 628 12372 171244
samples kb128_n5_obj16 16 sat 25.945389 24711 521 486 11184 149632
samples kb128_n5_obj16 16 sat 30.410938 29131 507 541 10485 169253
samples kb128_n5_obj16 16 sat 32.598896 31546 502 663 11608 182917
samples kb128_n5_obj16 16 sat 28.445667 27435 243 543 10471 158516
samples kb128_n5_obj16 16 sat 12.985513 12499 73 263 4881 79589
samples kb128_n5_obj16 16 sat 8.973742 8285 262 169 3515 56557
samples kb128_n5_obj16 32 sat 17.14365 16226 547 751 4203 144234
samples kb128_n5_obj16 32 sat 22.175375 20723 698 1067 6462 182000
samples kb128_n5_obj16 32 sat 17.31161 16037 809 760 4965 137728
samples kb128_n5_obj16 32 sat 8.48965 7833 212 454 2809 79993
samples kb128_n5_obj16 32 sat 25.472692 23495 887 1216 5619 200829
samples kb128_n5_obj16 32 sat 26.210793 24565 703 1297 6774 214542
samples kb128_n5_obj16 32 sat 12.965105 11992 234 731 4224 103265
samples kb128_n5_obj16 32 sat 19.196913 17735 888 987 4468 145901
samples kb128_n5_obj16 32 sat 9.782064 9424 170 516 2777 87106
samples kb128_n5_obj16 32 sat 17.174242 15673 867 963 4085 134147
samples Langford-4-16 1 unsat 68.25602 66534 2 1489 730790 730790
samples Langford-4-16 1 unsat 67.975624 66587 2 1379 758343 758343
samples Langford-4-16 1 unsat 65.71655 64676 2 956 748175 748175
samples Langford-4-16 1 unsat 66.52502 65081 2 1436 766036 766036
samples Langford-4-16 1 unsat 70.354385 68864 2 1473 764430 764430
samples Langford-4-16 1 unsat 69.93769 68213 2 1700 784626 784626
samples Langford-4-16 1 unsat 65.95107 64727 2 1212 746818 746818
samples Langford-4-16 1 unsat 63.919106 62208 2 1312 727789 727789
samples Langford-4-16 1 unsat 68.20178 66771 2 1414 763453 763453
samples Langford-4-16 1 unsat 64.6633 63140 2 1394 731220 731220
samples Langford-4-16 2 timeout 41.803875 37563 2262 1972 379408 758794
samples Langford-4-16 2 timeout 45.179775 40387 2329 2302 393356 786740
samples Langford-4-16 2 timeout 41.910595 37820 1874 2215 385323 770689
samples Langford-4-16 2 timeout 49.25027 42874 3295 2867 404160 808573
samples Langford-4-16 2 timeout 46.636017 40915 3341 2273 397466 794201
samples Langford-4-16 2 timeout 42.488075 38320 1992 2034 382694 765195
samples Langford-4-16 2 timeout 48.84789 43132 2694 2708 411503 821484
samples Langford-4-16 2 timeout 41.925327 37352 2143 2023 400272 800491
samples Langford-4-16 2 timeout 44.4703 38864 3175 2362 385019 769970
samples Langford-4-16 2 timeout 50.89737 45447 2386 2976 387079 774007
samples Langford-4-16 4 timeout 30.663633 24868 2892 2821 214108 857120
samples Langford-4-16 4 timeout 34.113155 27983 2703 3386 218183 868740
samples Langford-4-16 4 timeout 32.16777 25674 3296 3091 209584 826524
samples Langford-4-16 4 timeout 30.190994 25005 2315 2713 216436 870046
samples Langford-4-16 4 timeout 29.192173 23518 2771 2794 212281 847734
samples Langford-4-16 4 timeout 32.199524 25981 3059 2996 215214 866917
samples Langford-4-16 4 timeout 30.470064 25228 2209 2603 219726 877729
samples Langford-4-16 4 timeout 35.573223 28073 3695 3806 221054 883520
samples Langford-4-16 4 timeout 32.1956 25399 3553 3122 202162 809959
samples Langford-4-16 4 timeout 32.31498 25587 3445 3022 222467 890291
samples Langford-4-16 8 timeout 25.4132 16980 3198 5231 121578 972389
samples Langford-4-16 8 timeout 24.170597 15882 3104 5106 118042 943588
samples Langford-4-16 8 timeout 23.42216 16825 1889 4637 114917 919224
samples Langford-4-16 8 timeout 25.621162 17539 2372 5675 119247 953880
samples Langford-4-16 8 timeout 24.325123 16226 2902 5161 116760 933302
samples Langford-4-16 8 timeout 23.059977 16164 2228 4671 114994 919987
samples Langford-4-16 8 timeout 23.334896 16404 2324 4591 114592 916587
samples Langford-4-16 8 timeout 23.84006 16117 2626 5092 113027 904258
samples Langford-4-16 8 timeout 25.069557 17389 2403 5260 116627 932861
samples Langford-4-16 8 timeout 23.860182 16729 2374 4742 113586 908630
samples Langford-4-16 16 timeout 19.207174 10594 1578 7037 62332 997307
samples Langford-4-16 16 timeout 21.24012 10404 2152 8652 62551 1000280
samples Langford-4-16 16 timeout 20.452557 10318 2298 7804 64554 1032542
samples Langford-4-16 16 timeout 22.233253 11798 2029 8401 66388 1062450
samples Langford-4-16 16 timeout 20.26371 10722 1996 7549 62333 997135
samples Langford-4-16 16 timeout 21.570396 11255 1845 8448 64464 1031292
samples Langford-4-16 16 timeout 21.467812 10729 2312 8396 64562 1032315
samples Langford-4-16 16 timeout 20.25471 10604 2151 7475 62982 1007560
samples Langford-4-16 16 timeout 21.771385 11026 2064 8451 68225 1085333
samples Langford-4-16 16 timeout 20.60363 10522 2157 7928 62846 1005468
samples Langford-4-16 32 timeout 19.924864 6891 2026 10880 34699 1105793
samples Langford-4-16 32 timeout 22.05381 7262 2181 12612 34723 1112547
samples Langford-4-16 32 timeout 24.33305 7569 2476 14245 36462 1152653
samples Langford-4-16 32 timeout 19.980022 7623 1850 10473 37503 1199304
samples Langford-4-16 32 timeout 21.892435 7932 2013 11949 37123 1170198
samples Langford-4-16 32 timeout 22.86124 7919 2187 12755 36642 1195622
samples Langford-4-16 32 timeout 18.818771 7133 2132 9547 37049 1207145
samples Langford-4-16 32 timeout 18.344065 7179 1760 9407 36564 1161117
samples Langford-4-16 32 timeout 21.90743 7444 1981 12484 36522 1160390
samples Langford-4-16 32 timeout 20.811514 7427 1842 11546 37132 1182444
samples pigeonsPlus-11-03 1 unsat 119.5335 102573 8 16951 6864341 6864341
samples pigeonsPlus-11-03 1 unsat 117.11293 100179 6 16839 6680624 6680624
samples pigeonsPlus-11-03 1 unsat 123.47472 105076 7 18361 6835522 6835522
samples pigeonsPlus-11-03 1 unsat 119.26687 102757 6 16491 6918123 6918123
samples pigeonsPlus-11-03 1 unsat 119.8701 102813 6 17029 6970981 6970981
samples pigeonsPlus-11-03 1 unsat 118.51541 101735 6 16771 6919943 6919943
samples pigeonsPlus-11-03 1 unsat 114.20657 98116 8 15891 6690815 6690815
samples pigeonsPlus-11-03 1 unsat 113.14303 97435 5 15575 6754050 6754050
samples pigeonsPlus-11-03 1 unsat 118.11227 101555 7 16539 6882141 6882141
samples pigeonsPlus-11-03 1 unsat 116.400154 100417 6 15933 6928769 6928769
samples pigeonsPlus-11-03 2 timeout 98.323135 68749 3951 25535 3600212 7199125
samples pigeonsPlus-11-03 2 timeout 98.375984 66608 6573 25165 3500062 7000033
samples pigeonsPlus-11-03 2 timeout 98.560555 69784 3863 24889 3642260 7284638
samples pigeonsPlus-11-03 2 timeout 96.25562 67697 3835 24498 3548759 7091227
samples pigeonsPlus-11-03 2 timeout 100.6562 67489 6701 26368 3588472 7175559
samples pigeonsPlus-11-03 2 timeout 91.84532 63825 4340 23393 3553895 7101955
samples pigeonsPlus-11-03 2 timeout 91.48139 64512 3323 23632 3531126 7061700
samples pigeonsPlus-11-03 2 timeout 93.9311 65247 3984 24287 3626761 7257354
samples pigeonsPlus-11-03 2 timeout 85.56702 58747 5076 21714 3580944 7156691
samples pigeonsPlus-11-03 2 timeout 99.53358 68557 3778 27200 3472229 6945276
samples pigeonsPlus-11-03 4 timeout 63.756523 34786 4302 24661 1825243 7301103
samples pigeonsPlus-11-03 4 timeout 67.90178 36171 4716 26948 1821410 7283530
samples pigeonsPlus-11-03 4 timeout 62.69718 33859 4608 24222 1825326 7301362
samples pigeonsPlus-11-03 4 timeout 66.85516 34423 6308 26122 1833985 7336329
samples pigeonsPlus-11-03 4 timeout 70.31222 38869 4276 27135 1827270 7309292
samples pigeonsPlus-11-03 4 timeout 63.28888 33976 4719 24593 1825958 7303922
samples pigeonsPlus-11-03 4 timeout 60.37265 32738 5204 22368 1864693 7458892
samples pigeonsPlus-11-03 4 timeout 62.841297 33299 5619 23906 1862637 7450904
samples pigeonsPlus-11-03 4 timeout 62.746128 34024 4314 24408 1812728 7250885
samples pigeonsPlus-11-03 4 timeout 70.30438 37283 5067 27777 1870695 7477857
samples pigeonsPlus-11-03 8 timeout 60.08275 22828 5538 31720 981625 7843420
samples pigeonsPlus-11-03 8 timeout 61.101143 25131 3667 32291 981328 7843446
samples pigeonsPlus-11-03 8 timeout 67.12144 26118 5341 35664 992027 7963579
samples pigeonsPlus-11-03 8 timeout 64.300476 23122 5998 35002 989439 7894489
samples pigeonsPlus-11-03 8 timeout 61.837475 22559 5725 33284 976498 7803150
samples pigeonsPlus-11-03 8 timeout 67.1465 25676 5576 35811 990575 7920058
samples pigeonsPlus-11-03 8 timeout 63.19632 23911 5222 33936 988569 7909771
samples pigeonsPlus-11-03 8 timeout 62.43949 23556 5116 33528 973767 7787034
samples pigeonsPlus-11-03 8 timeout 62.785885 23832 5402 33334 977137 7816233
samples pigeonsPlus-11-03 8 timeout 67.34439 23889 7054 36154 993388 7936211
samples pigeonsPlus-11-03 16 timeout 55.442562 15067 4564 35815 517855 8286087
samples pigeonsPlus-11-03 16 timeout 56.721313 15717 4202 36792 520897 8334290
samples pigeonsPlus-11-03 16 timeout 59.285908 15818 4793 38653 526949 8429820
samples pigeonsPlus-11-03 16 timeout 56.95092 15266 4882 36804 522986 8367943
samples pigeonsPlus-11-03 16 timeout 56.73514 15551 4869 36308 522684 8363933
samples pigeonsPlus-11-03 16 timeout 56.352863 15277 4397 36639 523871 8382514
samples pigeonsPlus-11-03 16 timeout 58.122208 15741 4506 37860 528658 8452299
samples pigeonsPlus-11-03 16 timeout 54.796722 15431 4229 35138 520428 8326964
samples pigeonsPlus-11-03 16 timeout 55.695107 15386 3898 36411 515951 8255275
samples pigeonsPlus-11-03 16 timeout 57.649555 15138 4183 38331 530009 8480643
samples pigeonsPlus-11-03 32 timeout 71.737686 10666 4142 56932 272284 8713508
samples pigeonsPlus-11-03 32 timeout 61.750877 9714 4314 47708 269850 8628930
samples pigeonsPlus-11-03 32 timeout 69.02661 10443 4027 54559 269239 8616379
samples pigeonsPlus-11-03 32 timeout 67.574165 10905 3778 52887 269470 8621584
samples pigeonsPlus-11-03 32 timeout 70.09773 10692 3789 55619 272283 8712476
samples pigeonsPlus-11-03 32 timeout 67.75562 10436 3909 53399 268787 8597513
samples pigeonsPlus-11-03 32 timeout 69.353836 10791 3774 54792 268243 8583520
samples pigeonsPlus-11-03 32 timeout 66.06818 9888 4023 52159 269283 8616356
samples pigeonsPlus-11-03 32 timeout 68.70346 10318 4154 54211 267218 8549826
samples pigeonsPlus-11-03 32 timeout 64.764114 10383 4163 50219 267745 8568355
samples sb_13_13_5_1 1 sat 206.80962 206251 2 262 668146 668146
samples sb_13_13_5_1 1 sat 216.38791 215752 2 262 693235 693235
samples sb_13_13_5_1 1 sat 220.59981 220239 2 273 724321 724321
samples sb_13_13_5_1 1 sat 217.96796 217232 2 280 708901 708901
samples sb_13_13_5_1 1 sat 235.11035 234739 2 275 769010 769010
samples sb_13_13_5_1 1 sat 192.47128 191786 2 229 622382 622382
samples sb_13_13_5_1 1 sat 216.80725 216237 2 276 703333 703333
samples sb_13_13_5_1 1 sat 210.9586 210239 2 276 685083 685083
samples sb_13_13_5_1 1 sat 220.20747 219748 2 280 718451 718451
samples sb_13_13_5_1 1 sat 197.31206 196784 2 229 640689 640689
samples sb_13_13_5_1 2 sat 100.77393 100325 17 186 329544 645750
samples sb_13_13_5_1 2 sat 116.42099 115771 11 246 398292 792485
samples sb_13_13_5_1 2 sat 129.12314 128692 18 313 434130 879501
samples sb_13_13_5_1 2 sat 117.91247 117207 45 276 387793 764946
samples sb_13_13_5_1 2 sat 124.24718 123637 115 283 413326 818473
samples sb_13_13_5_1 2 sat 107.90909 107292 27 204 363746 695161
samples sb_13_13_5_1 2 sat 115.86003 115276 34 221 373058 752500
samples sb_13_13_5_1 2 sat 114.80629 114165 157 196 373812 764675
samples sb_13_13_5_1 2 sat 122.75834 122092 173 272 414064 837798
samples sb_13_13_5_1 2 sat 121.46387 120630 128 271 411857 817120
samples sb_13_13_5_1 4 sat 52.317085 51681 158 199 175679 733727
samples sb_13_13_5_1 4 sat 50.8187 50238 72 217 188412 736096
samples sb_13_13_5_1 4 sat 70.316826 69708 24 306 253503 1011287
samples sb_13_13_5_1 4 sat 64.31832 63623 132 286 242857 959301
samples sb_13_13_5_1 4 sat 62.815414 62211 19 311 225104 889737
samples sb_13_13_5_1 4 sat 67.3067 66684 45 310 242828 993936
samples sb_13_13_5_1 4 sat 73.98756 73056 10 468 282727 1127577
samples sb_13_13_5_1 4 sat 70.82603 69601 606 335 240303 959709
samples sb_13_13_5_1 4 sat 65.95934 64900 369 272 239707 945203
samples sb_13_13_5_1 4 sat 73.70202 72661 528 352 259301 988307
samples sb_13_13_5_1 8 sat 46.719795 46155 38 387 159902 1228730
samples sb_13_13_5_1 8 sat 58.723694 57812 138 626 195270 1549865
samples sb_13_13_5_1 8 sat 50.751698 49973 34 554 161439 1304837
samples sb_13_13_5_1 8 sat 46.844177 46199 40 352 162619 1279479
samples sb_13_13_5_1 8 sat 55.247536 54405 51 611 183323 1465819
samples sb_13_13_5_1 8 sat 52.33122 51510 66 494 169161 1355459
samples sb_13_13_5_1 8 sat 53.327198 52523 47 492 179424 1388550
samples sb_13_13_5_1 8 sat 51.609436 50727 235 594 176558 1387710
samples sb_13_13_5_1 8 sat 51.405575 50438 87 585 167411 1296391
samples sb_13_13_5_1 8 sat 50.131153 49527 27 529 163436 1318786
samples sb_13_13_5_1 16 sat 40.48286 39060 86 948 130272 1910298
samples sb_13_13_5_1 16 sat 36.109383 35436 40 621 111917 1847859
samples sb_13_13_5_1 16 sat 39.201256 37947 370 783 118847 1948410
samples sb_13_13_5_1 16 sat 39.49212 38277 126 713 124138 1986498
samples sb_13_13_5_1 16 sat 34.840622 33860 139 597 98985 1512979
samples sb_13_13_5_1 16 sat 38.830074 36473 1240 924 124023 1902095
samples sb_13_13_5_1 16 sat 35.36547 34195 101 781 108212 1704233
samples sb_13_13_5_1 16 sat 38.99117 35347 2377 902 107246 1877588
samples sb_13_13_5_1 16 sat 39.63991 34221 4435 984 93867 1758875
samples sb_13_13_5_1 16 sat 37.75965 35853 920 853 114440 1814640
samples sb_13_13_5_1 32 sat 32.47628 30673 153 1346 73856 2406287
samples sb_13_13_5_1 32 sat 35.7792 33555 866 1281 75168 2404479
samples sb_13_13_5_1 32 sat 33.95701 32191 5 1506 85270 2477503
samples sb_13_13_5_1 32 sat 34.48143 31507 982 1671 81013 2631092
samples sb_13_13_5_1 32 sat 30.279814 28724 310 1116 75973 2413294
samples sb_13_13_5_1 32 sat 31.9889 29709 742 1214 76876 2401303
samples sb_13_13_5_1 32 sat 34.167336 32387 305 1480 84384 2564088
samples sb_13_13_5_1 32 sat 33.951347 31972 281 1433 82476 2629572
samples sb_13_13_5_1 32 sat 28.952248 27458 94 1101 71229 2233472
samples sb_13_13_5_1 32 sat 34.17821 32716 124 1327 80538 2661079
samples SchurrLemma-050-9-mod 1 unsat 84.72634 84234 2 270 348857 348857
samples SchurrLemma-050-9-mod 1 unsat 82.13042 81726 2 280 333665 333665
samples SchurrLemma-050-9-mod 1 unsat 83.888115 83239 2 269 353757 353757
samples SchurrLemma-050-9-mod 1 unsat 87.96399 87607 2 286 374346 374346
samples SchurrLemma-050-9-mod 1 unsat 82.89839 82254 2 251 357117 357117
samples SchurrLemma-050-9-mod 1 unsat 79.8629 79328 2 254 343132 343132
samples SchurrLemma-050-9-mod 1 unsat 87.09349 86711 2 294 363361 363361
samples SchurrLemma-050-9-mod 1 unsat 80.052864 79804 1 237 346394 346394
samples SchurrLemma-050-9-mod 1 unsat 85.77646 85497 1 261 372075 372075
samples SchurrLemma-050-9-mod 1 unsat 89.195694 88837 1 303 380288 380288
samples SchurrLemma-050-9-mod 2 timeout 58.546665 55613 2374 526 188569 377642
samples SchurrLemma-050-9-mod 2 timeout 63.543304 59417 3553 546 198657 397364
samples SchurrLemma-050-9-mod 2 timeout 56.069786 53339 2221 453 189686 379740
samples SchurrLemma-050-9-mod 2 timeout 56.35441 51766 3812 436 188585 377636
samples SchurrLemma-050-9-mod 2 timeout 55.157784 53223 1386 404 190904 381408
samples SchurrLemma-050-9-mod 2 timeout 51.045395 48245 2411 357 184855 369640
samples SchurrLemma-050-9-mod 2 timeout 60.078773 57466 2075 471 192613 385379
samples SchurrLemma-050-9-mod 2 timeout 59.062943 56707 1875 449 199457 399081
samples SchurrLemma-050-9-mod 2 timeout 46.74063 43798 2406 310 186112 372046
samples SchurrLemma-050-9-mod 2 timeout 57.503372 54710 2357 443 184703 369332
samples SchurrLemma-050-9-mod 4 timeout 36.506313 31940 4091 485 99517 398263
samples SchurrLemma-050-9-mod 4 timeout 33.623302 30505 2551 464 102002 408403
samples SchurrLemma-050-9-mod 4 timeout 32.33576 30036 1752 451 99431 397645
samples SchurrLemma-050-9-mod 4 timeout 31.642542 28022 3059 437 98153 392672
samples SchurrLemma-050-9-mod 4 timeout 32.799408 29269 2720 533 102580 409431
samples SchurrLemma-050-9-mod 4 timeout 30.430805 27940 2136 367 97605 390416
samples SchurrLemma-050-9-mod 4 timeout 31.698633 28675 2427 418 101991 407103
samples SchurrLemma-050-9-mod 4 timeout 31.496292 27880 3004 432 100216 400846
samples SchurrLemma-050-9-mod 4 timeout 32.329704 30260 1600 471 99666 398635
samples SchurrLemma-050-9-mod 4 timeout 32.711285 28785 3524 415 98609 394454
samples SchurrLemma-050-9-mod 8 timeout 19.078161 16470 1932 634 54044 430368
samples SchurrLemma-050-9-mod 8 timeout 19.244495 16380 1929 721 54356 433488
samples SchurrLemma-050-9-mod 8 timeout 23.542446 21260 1606 659 55744 445051
samples SchurrLemma-050-9-mod 8 timeout 21.01147 18319 2067 650 55057 438357
samples SchurrLemma-050-9-mod 8 timeout 20.019068 17447 1891 690 54685 435206
samples SchurrLemma-050-9-mod 8 timeout 22.116386 18761 2574 698 54988 439539
samples SchurrLemma-050-9-mod 8 timeout 21.152924 18030 2405 594 54238 434978
samples SchurrLemma-050-9-mod 8 timeout 20.519955 18021 1913 593 54889 438585
samples SchurrLemma-050-9-mod 8 timeout 21.629889 18822 1974 733 55451 440718
samples SchurrLemma-050-9-mod 8 timeout 20.049818 17775 1644 617 54395 434860
samples SchurrLemma-050-9-mod 16 timeout 13.526708 11131 1448 975 29925 474816
samples SchurrLemma-050-9-mod 16 timeout 13.37377 10820 1287 953 30723 488866
samples SchurrLemma-050-9-mod 16 timeout 15.03681 11656 2219 1172 30991 494704
samples SchurrLemma-050-9-mod 16 timeout 13.520309 10925 1624 1001 30844 488531
samples SchurrLemma-050-9-mod 16 timeout 13.755546 10963 1557 1066 30411 486429
samples SchurrLemma-050-9-mod 16 timeout 13.079144 10923 1223 889 30259 483489
samples SchurrLemma-050-9-mod 16 timeout 13.579418 11040 1411 1099 30405 481227
samples SchurrLemma-050-9-mod 16 timeout 15.038285 11584 2502 975 31008 496062
samples SchurrLemma-050-9-mod 16 timeout 14.11685 11567 1456 1087 31737 503729
samples SchurrLemma-050-9-mod 16 timeout 14.031846 11516 1477 1067 31762 508401
samples SchurrLemma-050-9-mod 32 timeout 11.569813 7860 2060 1683 17514 559608
samples SchurrLemma-050-9-mod 32 timeout 10.558579 7219 1724 1633 17222 550362
samples SchurrLemma-050-9-mod 32 timeout 10.356839 7156 1538 1734 17153 548926
samples SchurrLemma-050-9-mod 32 timeout 11.217965 7263 2218 1587 17643 563298
samples SchurrLemma-050-9-mod 32 timeout 11.0748 7520 1778 1798 17112 544303
samples SchurrLemma-050-9-mod 32 timeout 11.598549 8112 1925 1592 17990 574379
samples SchurrLemma-050-9-mod 32 timeout 11.294167 7559 2080 1701 17170 549431
samples SchurrLemma-050-9-mod 32 timeout 11.563019 8160 1698 1739 17842 572264
samples SchurrLemma-050-9-mod 32 timeout 11.578638 7825 1775 1998 18037 574934
samples SchurrLemma-050-9-mod 32 timeout 11.719568 7869 1970 1710 17808 563751
samples small_bibd_06_50_25 1 sat 135.11076 133879 2 1133 9861922 9861922 11
samples small_bibd_06_50_25 1 sat 144.63683 143101 2 1406 10337147 10337147 11
samples small_bibd_06_50_25 1 sat 115.62036 114573 2 934 8398561 8398561 11
samples small_bibd_06_50_25 1 sat 237.71347 233650 3 3862 16894771 16894771 11
samples small_bibd_06_50_25 1 sat 221.197 218250 3 2803 15841177 15841177 11
samples small_bibd_06_50_25 1 sat 151.15036 149346 3 1690 10868263 10868263 11
samples small_bibd_06_50_25 1 sat 82.13249 81256 2 753 5779286 5779286 11
samples small_bibd_06_50_25 1 sat 160.63544 158595 3 1912 11472784 11472784 11
samples small_bibd_06_50_25 1 sat 60.61936 60084 1 421 4327878 4327878 11
samples small_bibd_06_50_25 1 sat 69.68111 68935 2 573 4982254 4982254 11
samples small_bibd_06_50_25 2 sat 76.17468 74301 6 1705 5010086 10009488 11
samples small_bibd_06_50_25 2 sat 118.83806 115171 9 3339 7671689 15295191 11
samples small_bibd_06_50_25 2 sat 74.8246 72786 7 1727 4714748 9451650 11
samples small_bibd_06_50_25 2 sat 35.33055 34393 5 623 2158476 4051644 11
samples small_bibd_06_50_25 2 sat 60.723232 59246 19 1259 3729771 7548669 11
samples small_bibd_06_50_25 2 sat 53.210266 51866 15 1154 3463396 6745270 11
samples small_bibd_06_50_25 2 sat 55.21814 54079 5 927 3522301 6905369 11
samples small_bibd_06_50_25 2 sat 62.70719 61339 5 1202 3931908 7746723 11
samples small_bibd_06_50_25 2 sat 54.602062 53553 5 962 3558516 7152129 11
samples small_bibd_06_50_25 2 sat 94.723785 92339 7 2167 6441661 12670089 11
samples small_bibd_06_50_25 4 sat 24.77973 23990 2 523 1537667 6078381 11
samples small_bibd_06_50_25 4 sat 17.709715 17062 9 443 1020555 4267371 11
samples small_bibd_06_50_25 4 sat 15.222588 14664 2 346 890622 3672349 11
samples small_bibd_06_50_25 4 sat 25.155817 24309 10 705 1474316 6323797 11
samples small_bibd_06_50_25 4 sat 56.22247 53558 19 2444 3635954 14278013 11
samples small_bibd_06_50_25 4 sat 14.732894 14157 1 360 938134 3696451 11
samples small_bibd_06_50_25 4 sat 70.39854 67191 21 2810 4453932 17827342 11
samples small_bibd_06_50_25 4 sat 23.224771 22437 14 564 1473530 6103671 11
samples small_bibd_06_50_25 4 sat 46.73399 44976 9 1545 2956551 11236023 11
samples small_bibd_06_50_25 4 sat 29.795307 28718 8 802 1908206 7209264 11
samples small_bibd_06_50_25 8 sat 38.047813 35671 13 2358 2294849 17349191 11
samples small_bibd_06_50_25 8 sat 28.487442 26460 12 1579 1557463 12843100 11
samples small_bibd_06_50_25 8 sat 14.763621 13855 13 660 875606 6796886 11
samples small_bibd_06_50_25 8 sat 39.322147 36282 10 2792 2289082 18204660 11
samples small_bibd_06_50_25 8 sat 14.335139 13272 5 754 818018 6403709 11
samples small_bibd_06_50_25 8 sat 12.263764 11431 3 587 679901 5570131 11
samples small_bibd_06_50_25 8 sat 16.302008 15300 22 727 943961 7361435 11
samples small_bibd_06_50_25 8 sat 41.174892 38461 39 2563 2162423 16858940 11
samples small_bibd_06_50_25 8 sat 15.674415 14840 8 713 905088 7025805 11
samples small_bibd_06_50_25 8 sat 29.463688 27425 10 1609 1629398 13094820 11
samples small_bibd_06_50_25 16 sat 12.977906 11073 16 1469 614451 9561554 11
samples small_bibd_06_50_25 16 sat 7.3524566 6363 11 687 388619 5715034 11
samples small_bibd_06_50_25 16 sat 11.420734 10069 0 967 605989 9316775 11
samples small_bibd_06_50_25 16 sat 18.78771 16817 29 1709 914317 15067584 11
samples small_bibd_06_50_25 16 sat 15.443631 13747 33 1267 785352 12635565 11
samples small_bibd_06_50_25 16 sat 13.63358 12175 40 1354 680895 10782509 11
samples small_bibd_06_50_25 16 sat 12.479577 10872 12 1185 603906 9781635 11
samples small_bibd_06_50_25 16 sat 6.8185797 5919 15 631 316848 5048160 11
samples small_bibd_06_50_25 16 sat 16.197683 14460 26 1614 780626 12640092 11
samples small_bibd_06_50_25 16 sat 27.471188 23732 22 3306 1206010 19256143 11
samples small_bibd_06_50_25 32 sat 8.748116 6410 24 2148 297854 8817345 11
samples small_bibd_06_50_25 32 sat 8.4597645 5827 19 2259 313722 9510705 11
samples small_bibd_06_50_25 32 sat 10.93484 8225 69 2311 389026 11966499 11
samples small_bibd_06_50_25 32 sat 16.215082 12261 130 3724 546059 17341382 11
samples small_bibd_06_50_25 32 sat 6.4300866 4275 17 1884 187458 6189127 11
samples small_bibd_06_50_25 32 sat 14.18739 10604 142 3359 479567 15345471 11
samples small_bibd_06_50_25 32 sat 11.679359 8691 30 2891 387681 11978191 11
samples small_bibd_06_50_25 32 sat 11.918572 8402 43 3162 382990 12558187 11
samples small_bibd_06_50_25 32 sat 6.8246794 5270 17 1328 241310 8036054 11
samples small_bibd_06_50_25 32 sat 13.80173 10321 49 3228 472615 14652909 11
