amaze 2012-03-09 16 sat 0.06393397 0 0 0 20 509
amaze 2012-04-27 16 sat 0.08617611 0 0 0 105 1756
amaze 2012-05-31 16 sat 0.34954765 0 0 0 1001 22033
amaze 2012-06-15 16 sat 0.4827199 0 0 0 5733 95779
amaze 2012-03-09 16 sat 0.0761947 0 0 0 20 500
amaze 2012-04-27 16 sat 0.11389676 0 0 0 105 1310
amaze 2012-05-31 16 sat 0.30479324 0 0 0 1001 22491
amaze 2012-06-15 16 sat 0.4916694 0 0 0 5733 84382
amaze mod2012-06-22 16 sat 3.9719212 2461 10 1205 105819 1693580
black-hole 12 16 sat 0.6193988 507 0 77 86 1405
black-hole 16 16 sat 0.64001924 507 0 74 155 2666
black-hole 18 16 sat 0.39141998 0 0 0 43 470
black-hole 4 16 sat 0.8293784 510 53 124 281 3023
black-hole 6 16 timeout 0.18532531 0 0 0 0 0
costasarray 16 16 sat 0.11827961 0 0 0 24 382
costasarray 17 16 sat 1.8430196 1456 2 59 15710 247206
costasarray 18 16 sat 4.2557673 3845 3 184 48279 711138
costasarray 19 16 timeout 300.04602 78864 448 220743 1043940 16842390
amaze 2012-03-09 16 sat 0.07809757 0 0 0 20 499
amaze 2012-04-27 16 sat 0.13786103 0 0 0 105 1540
amaze 2012-05-31 16 sat 0.39422652 0 0 0 1001 23929
amaze 2012-06-15 16 sat 0.40077063 0 0 0 5733 95507
amaze mod2012-06-22 16 sat 3.455998 2084 4 1060 77448 1262240
black-hole 12 16 sat 0.6295323 508 0 79 92 1633
black-hole 16 16 sat 0.6596334 508 0 76 333 2977
black-hole 18 16 sat 0.412532 0 0 0 43 544
black-hole 4 16 sat 0.83561057 507 1 72 598 16206
black-hole 6 16 timeout 0.22430937 0 0 0 0 0
costasarray 16 16 sat 0.100551136 0 0 0 24 159
costasarray 17 16 sat 7.693102 7166 8 371 120129 1810992
costasarray 18 16 sat 1.8740842 1424 1 88 15548 274191
costasarray 19 16 timeout 1000.0575 132020 1607 866437 1661531 26508335
costasarray 20 16 sat 146.98436 58442 516 87976 699350 10965144
cryptanalysis kb128_n5_obj11 16 timeout 83.07403 78156 1486 3699 23773 360340
cryptanalysis kb128_n5_obj14 16 timeout 816.09595 514060 122372 179897 186615 3254562
cryptanalysis kb128_n5_obj16 16 timeout 1000.1488 478785 9583 511945 211139 3173037
cryptanalysis kb128_n5_obj17 16 sat 95.38584 78363 591 16440 45318 690402
cryptanalysis kb192_n7_obj10 16 timeout 300.2143 275237 8012 17065 40104 585335
fillomino 5x5_1 16 timeout 1000.2729 85412 1778 913108 1276690 19423469
fillomino 5x5_6 16 sat 7.8359084 6041 15 1566 122684 1827849
fillomino 6x6_0 16 timeout 1004.269 48610 1562 954148 713583 11246533
fillomino 6x6_5 16 timeout 1005.7174 35306 1561 968894 353060 5711691
fillomino 7x7_0 16 timeout 1014.1251 13840 1640 998701 106483 1621429
m-knapsack mknap1-6 16 timeout 1000.0008 115218 3254 881363 10105393 171467688
m-knapsack mknap2-10 16 timeout 1001.2312 114798 2290 884146 7271215 118457533
m-knapsack mknap2-1 16 sat 11.321491 10350 15 662 292345 4657394
m-knapsack mknap2-20 16 sat 0.8639419 504 1 77 54859 778801
m-knapsack mknap2-31 16 timeout 1000.248 140006 3538 856707 10351333 166865311
nonogram dom_06 16 sat 0.1987895 0 0 0 446 6927
nonogram dom_08 16 sat 2.8768957 2428 3 80 42296 627667
nonogram dom_10 16 timeout 1000.3047 555911 2042 442354 7069413 114346417
nonogram dom_12 16 timeout 1000.01135 178028 2137 819849 1648788 27009116
nonogram dom_14 16 timeout 1001.60693 128171 1954 871485 1036555 16491185
oocsp_racks oocsp_racks_030_f7 16 timeout 1004.5207 85077 6316 913423 2055111 31893331
oocsp_racks oocsp_racks_030_mii8_cc 16 sat 0.6365441 863 45 18 43 469
oocsp_racks oocsp_racks_050_e5 16 sat 2.6304832 2627 48 253 43422 437972
oocsp_racks oocsp_racks_050_r1 16 sat 11.7363405 10300 456 1170 2610 114452
oocsp_racks oocsp_racks_100_r1_cc 16 sat 318.49936 273431 36788 8862 5424 71158
pentominoes-int 02 16 sat 0.9511226 560 6 5 24 405
pentominoes-int 04 16 timeout 1000.0019 626143 371117 2624 3580 57565
pentominoes-int 05 16 sat 1.7895174 1467 58 74 101 2480
pentominoes-int 06 16 sat 1.4408914 1085 76 5 60 662
pentominoes-int 07 16 sat 2.4335587 1875 72 72 558 6853
rect_packing rpp18_true 16 sat 0.1296 0 0 0 69 714
rect_packing rpp21_false 16 sat 0.17351986 0 0 0 88 878
rect_packing rpp22_false 16 sat 0.47532204 0 0 0 205 2774
rect_packing rpp23_false 16 sat 0.2640606 0 0 0 130 993
rect_packing rpp26_false 16 sat 0.35398114 0 0 0 122 1462
rotating-workforce Example1014 16 timeout 1000.0007 187996 1879 809838 885544 13988781
rotating-workforce Example103 16 sat 2.0361974 1897 2 141 11342 217264
rotating-workforce Example1479 16 timeout 1001.58636 132511 2659 866438 550336 8842701
rotating-workforce Example1780 16 timeout 123.06778 108631 293 14156 825738 13440038
rotating-workforce Example593 16 timeout 1003.5938 65784 2169 935671 415979 6678703
soccer-computational 02 16 sat 0.7840619 509 63 7 24 316
soccer-computational 04 16 timeout 1000.0391 637620 360481 1855 3607 56963
soccer-computational 05 16 sat 1.4206572 970 48 72 453 3524
soccer-computational 06 16 sat 1.3407459 998 38 6 60 799
soccer-computational 07 16 sat 3.868703 3243 193 86 873 14485
solbat sb_13_13_5_1 16 sat 7.0571904 6677 13 441 18951 267875
solbat sb_13_13_5_5 16 timeout 16.015135 15437 28 674 55026 876859
solbat sb_15_15_6_0 16 sat 162.47923 99127 1031 62242 223567 3281577
solbat sb_15_15_7_3 16 sat 22.67108 19449 1942 1274 50348 851546
solbat sb_15_15_7_5 16 sat 189.74268 90582 4566 94625 305836 4918918
