amaze 2012-03-09 1 sat 0.027384488 0 0 0 34 34
amaze 2012-04-27 1 sat 3.0041814 2990 1 16 164992 164992
amaze 2012-05-31 1 sat 0.38862044 0 0 0 14349 14349
amaze 2012-06-15 1 sat 0.29276922 0 0 0 5733 5733
amaze mod2012-06-22 1 sat 18.397223 17898 2 109 830082 830082
amaze 2012-03-09 1 sat 0.03956685 0 0 0 34 34
amaze 2012-04-27 1 sat 1.5166969 1503 1 7 123170 123170
amaze 2012-05-31 1 sat 0.35835394 0 0 0 14349 14349
amaze 2012-06-15 1 sat 0.272372 0 0 0 5733 5733
amaze mod2012-06-22 1 sat 9.298062 8964 1 43 575899 575899
black-hole 12 1 sat 2.0767639 2000 0 4 26588 26588
black-hole 16 1 sat 4.5478864 4495 0 8 80852 80852
black-hole 18 1 sat 1.4993268 1001 0 3 15440 15440
black-hole 4 1 sat 2.1019647 2000 0 4 27097 27097
black-hole 6 1 unsat 0.03312899 0 0 0 0 0
costasarray 16 1 sat 5.9688387 5484 0 20 105350 105350
costasarray 17 1 sat 58.94975 58281 5 223 1066457 1066457
costasarray 18 1 sat 34.74993 34377 2 126 561223 561223
costasarray 19 1 timeout 300.01044 297124 6 2884 4566135 4566135
costasarray 20 1 timeout 300.01227 296882 2 3131 5125646 5125646
amaze 2012-03-09 1 sat 0.025587099 0 0 0 34 34
amaze 2012-04-27 1 sat 0.50859094 506 0 2 22843 22843
amaze 2012-05-31 1 sat 0.3578343 0 0 0 14349 14349
amaze 2012-06-15 1 sat 0.26484218 0 0 0 5733 5733
amaze mod2012-06-22 1 sat 10.41789 9943 1 67 652302 652302
black-hole 12 1 sat 1.5809789 1500 0 3 19566 19566
black-hole 16 1 sat 2.006396 2002 0 4 23151 23151
black-hole 18 1 sat 0.50938046 504 0 2 1795 1795
black-hole 4 1 sat 7.5542994 7489 0 15 87749 87749
black-hole 6 1 unsat 0.026670167 0 0 0 0 0
costasarray 16 1 sat 2.2483296 2001 0 3 45488 45488
costasarray 17 1 sat 8.702709 8490 0 14 182668 182668
costasarray 18 1 sat 138.31781 137115 2 889 2800963 2800963
costasarray 19 1 sat 435.9201 429164 3 6349 8144009 8144009
costasarray 20 1 timeout 1000.0368 964906 6 35127 16877097 16877097
cryptanalysis kb128_n5_obj11 1 unsat 478.67737 478078 3 461 305877 305877
cryptanalysis kb128_n5_obj14 1 timeout 1000.0046 996646 4 3389 847868 847868
cryptanalysis kb128_n5_obj16 1 timeout 1000.006 995804 5 4235 984258 984258
cryptanalysis kb128_n5_obj17 1 sat 979.5908 974253 5 5286 1085709 1085709
cryptanalysis kb192_n7_obj10 1 timeout 1000.0026 998428 10 1633 328707 328707
fillomino 5x5_1 1 timeout 1000.0731 912552 7 87519 20296767 20296767
fillomino 5x5_6 1 sat 48.438396 47752 1 257 1557099 1557099
fillomino 6x6_0 1 timeout 1000.17615 813700 7 186475 22068430 22068430
fillomino 6x6_5 1 timeout 1000.3019 566037 5 434266 8696941 8696941
fillomino 7x7_0 1 timeout 1000.86914 258613 4 742260 3142222 3142222
m-knapsack mknap1-6 1 timeout 1000.27057 848528 7 151737 171523336 171523336
m-knapsack mknap2-10 1 timeout 1000.1041 868496 6 131603 115122822 115122822
m-knapsack mknap2-1 1 sat 102.68205 101813 1 693 3938471 3938471
m-knapsack mknap2-20 1 sat 1.3020395 1002 0 2 212561 212561
m-knapsack mknap2-31 1 timeout 1000.0862 889892 5 110190 128288562 128288562
nonogram dom_06 1 sat 0.19865763 0 0 0 1994 1994
nonogram dom_08 1 sat 13.860538 13484 0 20 258685 258685
nonogram dom_10 1 timeout 1000.03625 981333 4 18701 17358223 17358223
nonogram dom_12 1 timeout 1000.02924 971168 6 28856 13809224 13809224
nonogram dom_14 1 timeout 1000.0431 952378 4 47662 12122412 12122412
oocsp_racks oocsp_racks_030_f7 1 timeout 1000.1385 819150 7 181006 35503286 35503286
oocsp_racks oocsp_racks_030_mii8_cc 1 sat 40.96509 40367 1 168 836074 836074
oocsp_racks oocsp_racks_050_e5 1 sat 29.028437 28905 1 143 848413 848413
oocsp_racks oocsp_racks_050_r1 1 sat 22.684679 22526 1 31 41265 41265
oocsp_racks oocsp_racks_100_r1_cc 1 sat 41.956417 42004 2 50 12127 12127
pentominoes-int 02 1 sat 0.6688713 510 0 2 546 546
pentominoes-int 04 1 timeout 1000.0606 999970 8 38 7402 7402
pentominoes-int 05 1 sat 0.4881454 0 0 0 304 304
pentominoes-int 06 1 sat 0.87104094 504 0 2 433 433
pentominoes-int 07 1 sat 5.930581 5497 0 7 4352 4352
rect_packing rpp18_true 1 sat 0.10865491 0 0 0 296 296
rect_packing rpp21_false 1 sat 0.08033659 0 0 0 100 100
rect_packing rpp22_false 1 sat 0.117749505 0 0 0 240 240
rect_packing rpp23_false 1 sat 0.07422187 0 0 0 130 130
rect_packing rpp26_false 1 sat 0.09179115 0 0 0 162 162
rotating-workforce Example1014 1 timeout 1000.03015 978851 4 21179 6451739 6451739
rotating-workforce Example103 1 sat 2.612488 2500 0 6 31846 31846
rotating-workforce Example1479 1 timeout 1000.04626 954138 6 45907 5488504 5488504
rotating-workforce Example1780 1 timeout 1000.00824 988286 5 11721 9448403 9448403
rotating-workforce Example593 1 timeout 1000.27576 841269 7 159003 7735723 7735723
soccer-computational 02 1 sat 0.6510035 505 0 2 664 664
soccer-computational 04 1 timeout 1000.2472 1000127 9 40 7464 7464
soccer-computational 05 1 sat 0.4690219 0 0 0 304 304
soccer-computational 06 1 sat 17.832825 17487 1 16 15520 15520
soccer-computational 07 1 sat 10.194454 9989 1 14 7477 7477
solbat sb_13_13_5_1 1 sat 186.72237 186218 2 295 579751 579751
solbat sb_13_13_5_5 1 unsat 171.69797 171275 2 237 621787 621787
solbat sb_15_15_6_0 1 sat 796.5852 790418 3 6104 2645520 2645520
solbat sb_15_15_7_3 1 sat 248.21698 247593 2 424 742154 742154
solbat sb_15_15_7_5 1 sat 766.9235 757818 3 8703 3657869 3657869
