amaze 2012-03-09 2 sat 0.026862564 0 0 0 34 66
amaze 2012-04-27 2 sat 0.51786566 506 0 8 16990 34026
amaze 2012-05-31 2 sat 0.3020762 0 0 0 6136 12650
amaze 2012-06-15 2 sat 0.2636763 0 0 0 5733 11756
amaze mod2012-06-22 2 sat 8.348785 7831 1 185 354532 710650
amaze 2012-03-09 2 sat 0.03634673 0 0 0 34 73
amaze 2012-04-27 2 sat 1.0135409 998 0 21 51397 110387
amaze 2012-05-31 2 sat 0.32163712 0 0 0 6136 13181
amaze 2012-06-15 2 sat 0.38186523 0 0 0 5733 13275
amaze mod2012-06-22 2 sat 7.6787577 7336 2 185 421382 874784
black-hole 12 2 sat 0.5626034 505 0 4 1125 3322
black-hole 16 2 sat 0.511725 505 0 2 6968 10493
black-hole 18 2 sat 5.5103674 5480 1 23 61119 134682
black-hole 4 2 sat 2.3020866 1997 1 9 34320 55613
black-hole 6 2 timeout 0.0623617 0 0 0 0 0
costasarray 16 2 sat 0.7882941 505 0 2 10104 20382
costasarray 17 2 sat 41.541706 41240 12 256 723202 1444976
costasarray 18 2 sat 114.75404 112625 42 1850 1824312 3633740
costasarray 19 2 timeout 300.07132 288001 16 12059 4773963 9643060
amaze 2012-03-09 2 sat 0.03250123 0 0 0 34 73
amaze 2012-04-27 2 sat 1.0184153 997 0 24 51582 103306
amaze 2012-05-31 2 sat 0.31415272 0 0 0 6136 13563
amaze 2012-06-15 2 sat 0.31316996 0 0 0 5733 12542
amaze mod2012-06-22 2 sat 5.87474 5362 3 157 308788 624172
black-hole 12 2 sat 1.5060954 1499 0 6 20074 33580
black-hole 16 2 sat 2.8703325 2494 0 13 44564 89072
black-hole 18 2 sat 1.697398 1501 0 5 16205 27739
black-hole 4 2 sat 2.027262 1997 1 10 16081 43239
black-hole 6 2 timeout 0.044619225 0 0 0 0 0
costasarray 16 2 sat 0.647695 505 0 2 7167 13512
costasarray 17 2 sat 15.1074915 14946 2 58 324018 624910
costasarray 18 2 sat 69.55896 68639 25 848 1392081 2712737
costasarray 19 2 sat 360.4806 341093 11 18952 6148109 12301573
costasarray 20 2 timeout 1000.17206 859129 886 140160 13554141 27013551
cryptanalysis kb128_n5_obj11 2 timeout 241.29678 240364 172 533 156959 308936
cryptanalysis kb128_n5_obj14 2 timeout 1000.0089 982180 1456 16431 750790 1482067
cryptanalysis kb128_n5_obj16 2 timeout 1000.03064 979783 1337 18982 890656 1786901
cryptanalysis kb128_n5_obj17 2 sat 694.7647 680254 752 13586 732796 1454625
cryptanalysis kb192_n7_obj10 2 timeout 800.033 794852 2043 3252 240561 479309
fillomino 5x5_1 2 timeout 1000.20306 669531 624 330055 13336396 26597019
fillomino 5x5_6 2 sat 45.132225 44179 3 836 1260050 2478418
fillomino 6x6_0 2 timeout 1000.0264 437026 45 562964 10085103 20539229
fillomino 6x6_5 2 timeout 1000.5156 284901 98 715529 3988135 7941289
fillomino 7x7_0 2 timeout 1002.7748 131797 453 870537 1615935 3120136
m-knapsack mknap1-6 2 timeout 1000.42566 539746 96 460585 74528440 149948567
m-knapsack mknap2-10 2 timeout 1000.1175 577024 206 422889 56396973 111361923
m-knapsack mknap2-1 2 sat 61.04979 60197 16 804 2203327 4359142
m-knapsack mknap2-20 2 sat 0.8511961 504 0 4 109831 215945
m-knapsack mknap2-31 2 timeout 1000.16956 595736 162 404272 68230956 133915581
nonogram dom_06 2 sat 0.27874073 0 0 0 1638 3275
nonogram dom_08 2 sat 5.227923 4978 0 27 93663 188499
nonogram dom_10 2 timeout 1000.0713 926090 36 73947 14201890 28657092
nonogram dom_12 2 timeout 1000.1211 880009 59 120055 11186033 22320373
nonogram dom_14 2 timeout 1000.24054 807890 38 192313 8673433 17417191
oocsp_racks oocsp_racks_030_f7 2 timeout 1000.42377 446427 7990 546064 17605854 34823357
oocsp_racks oocsp_racks_030_mii8_cc 2 sat 71.542564 69795 3 1786 1673785 3265240
oocsp_racks oocsp_racks_050_e5 2 sat 191.13734 170458 7 20715 4625403 9228428
oocsp_racks oocsp_racks_050_r1 2 sat 15.474641 15079 38 57 34353 53594
oocsp_racks oocsp_racks_100_r1_cc 2 sat 16.981459 17168 45 25 759 967
pentominoes-int 02 2 sat 0.580714 506 0 3 137 212
pentominoes-int 04 2 timeout 1000.36847 939399 60653 176 4854 10106
pentominoes-int 05 2 sat 3.3269176 2975 2 28 2969 6004
pentominoes-int 06 2 sat 11.597834 11453 12 39 11583 20570
pentominoes-int 07 2 sat 0.92182285 505 0 3 534 1022
rect_packing rpp18_true 2 sat 0.06950286 0 0 0 64 117
rect_packing rpp21_false 2 sat 0.09339638 0 0 0 100 209
rect_packing rpp22_false 2 sat 0.13014826 0 0 0 240 422
rect_packing rpp23_false 2 sat 0.09150253 0 0 0 130 218
rect_packing rpp26_false 2 sat 0.13672991 0 0 0 162 316
rotating-workforce Example1014 2 timeout 1000.0535 914874 27 85158 5543717 11125100
rotating-workforce Example103 2 sat 7.234657 6971 1 36 78034 145157
rotating-workforce Example1479 2 timeout 1000.20593 811173 42 188997 4422349 8952356
rotating-workforce Example1780 2 timeout 726.1474 705417 54 20544 6240359 12411757
rotating-workforce Example593 2 timeout 1000.5753 507797 432 492353 4159525 8263318
soccer-computational 02 2 sat 0.45055956 0 0 0 217 404
soccer-computational 04 2 timeout 1000.09064 932889 66998 168 4814 10058
soccer-computational 05 2 sat 4.167829 3965 10 30 3656 7106
soccer-computational 06 2 sat 3.4781394 2993 0 20 3067 5918
soccer-computational 07 2 sat 22.132805 21898 9 97 15821 33262
solbat sb_13_13_5_1 2 sat 114.332016 113598 51 375 387433 761739
solbat sb_13_13_5_5 2 timeout 87.12278 86803 20 204 318789 639920
solbat sb_15_15_6_0 2 sat 176.217 174400 38 1600 546340 1097050
solbat sb_15_15_7_3 2 sat 108.08909 107660 14 352 329903 646867
solbat sb_15_15_7_5 2 sat 102.39433 101210 77 741 461402 951124
