amaze 2012-03-09 32 sat 0.09039069 0 0 0 20 1009
amaze 2012-04-27 32 sat 0.19721586 0 0 0 105 3422
amaze 2012-05-31 32 sat 0.2746294 0 0 0 1001 38609
amaze 2012-06-15 32 sat 0.3767801 0 0 0 1688 39756
amaze 2012-03-09 32 sat 0.09603291 0 0 0 20 996
amaze 2012-04-27 32 sat 0.21135081 0 0 0 105 3456
amaze 2012-05-31 32 sat 0.3820862 0 0 0 1001 76640
amaze 2012-06-15 32 sat 0.35584667 0 0 0 1688 41432
amaze mod2012-06-22 32 sat 4.493938 1837 7 2580 45195 1585969
black-hole 12 32 sat 0.6308 513 2 54 58 1761
black-hole 16 32 sat 0.8353124 511 1 233 64 2560
black-hole 18 32 sat 0.7168418 510 11 3 150 2621
black-hole 4 32 sat 0.4621912 0 0 0 43 1179
black-hole 6 32 timeout 0.25858143 0 0 0 0 0
costasarray 16 32 sat 0.21168724 0 0 0 24 744
costasarray 17 32 sat 3.1692853 2693 9 359 22724 690076
costasarray 18 32 sat 3.3561964 2677 10 392 22997 739586
costasarray 19 32 sat 8.827272 6864 17 1829 79688 2684111
amaze 2012-03-09 32 sat 0.10176106 0 0 0 20 1059
amaze 2012-04-27 32 sat 0.20103648 0 0 0 105 3238
amaze 2012-05-31 32 sat 0.3634163 0 0 0 1001 40474
amaze 2012-06-15 32 sat 0.3699642 0 0 0 1688 41478
amaze mod2012-06-22 32 sat 3.9517498 1665 11 2293 62123 1597492
black-hole 12 32 sat 0.6572292 509 1 93 52 1753
black-hole 16 32 sat 0.73526764 511 1 60 120 4432
black-hole 18 32 sat 0.42590383 0 0 0 43 806
black-hole 4 32 sat 1.1524731 767 6 370 722 14500
black-hole 6 32 timeout 0.347783 0 0 0 0 0
costasarray 16 32 sat 0.19107924 0 0 0 24 813
costasarray 17 32 sat 1.5466287 1300 2 238 8884 272500
costasarray 18 32 sat 21.473467 12328 49 9096 166130 5357530
costasarray 19 32 sat 136.86885 27103 473 109106 271551 9999748
costasarray 20 32 timeout 1003.9324 60317 2682 940946 637551 19819886
cryptanalysis kb128_n5_obj11 32 timeout 59.495014 52756 1321 5574 12753 401997
cryptanalysis kb128_n5_obj14 32 timeout 1000.1064 439619 16782 544153 119019 3542272
cryptanalysis kb128_n5_obj16 32 sat 783.48676 232313 8411 543043 82574 2314514
cryptanalysis kb128_n5_obj17 32 sat 205.34163 65678 32102 108004 25484 1015318
cryptanalysis kb192_n7_obj10 32 timeout 223.27414 193815 3686 26186 21458 651116
fillomino 5x5_1 32 timeout 1006.5401 40406 2797 963354 531408 17012580
fillomino 5x5_6 32 sat 5.8301444 3668 7 2080 58300 1836195
fillomino 6x6_0 32 timeout 1013.6672 24041 3213 986451 296636 9723856
fillomino 6x6_5 32 timeout 1006.563 16440 2750 987424 146258 4387849
fillomino 7x7_0 32 timeout 1060.6138 7957 2993 1049721 55484 1744144
m-knapsack mknap1-6 32 timeout 1000.1799 39043 4441 956700 3471152 107557070
m-knapsack mknap2-10 32 timeout 1000.7178 45233 3398 952090 2619796 85860275
m-knapsack mknap2-1 32 sat 8.678008 7439 22 1104 166444 6401301
m-knapsack mknap2-20 32 sat 0.38901353 0 0 0 31829 787631
m-knapsack mknap2-31 32 timeout 1000.9775 51116 4343 945522 3202685 104256097
nonogram dom_06 32 sat 0.21354806 0 0 0 446 15309
nonogram dom_08 32 sat 3.413732 2366 11 671 43408 1242398
nonogram dom_10 32 timeout 1000.20465 239256 2978 757975 2529545 81104587
nonogram dom_12 32 timeout 1000.00073 89708 3915 906140 788994 24968991
nonogram dom_14 32 timeout 1002.8916 61508 3227 938160 455421 13953815
oocsp_racks oocsp_racks_030_f7 32 timeout 1011.1493 40131 27042 944379 419475 22760803
oocsp_racks oocsp_racks_030_mii8_cc 32 sat 7.926137 4648 64 3618 34280 1394560
oocsp_racks oocsp_racks_050_e5 32 sat 19.92993 5900 2287 12024 63738 2587723
oocsp_racks oocsp_racks_050_r1 32 sat 1.7758453 2075 108 144 238 6820
oocsp_racks oocsp_racks_100_r1_cc 32 timeout 1000.5535 763269 213905 24714 4451 139022
pentominoes-int 02 32 sat 0.9800996 578 11 4 20 362
pentominoes-int 04 32 
pentominoes-int 05 32 sat 2.2980225 1686 143 211 80 4747
pentominoes-int 06 32 sat 3.3986661 2430 54 554 272 10823
pentominoes-int 07 32 sat 1.3371665 1010 91 6 98 1066
rect_packing rpp18_true 32 sat 0.15241408 0 0 0 64 913
rect_packing rpp21_false 32 sat 0.30815706 0 0 0 145 1895
rect_packing rpp22_false 32 sat 0.8412003 526 1 194 235 5187
rect_packing rpp23_false 32 sat 0.4753912 0 0 0 95 2328
rect_packing rpp26_false 32 sat 0.49641114 0 0 0 97 2607
rotating-workforce Example1014 32 timeout 1000.342 94087 3626 902663 390669 12545619
rotating-workforce Example103 32 sat 1.0587171 911 3 130 2187 87932
rotating-workforce Example1479 32 timeout 1005.4506 68602 4677 932210 272336 8097045
rotating-workforce Example1780 32 timeout 78.076126 61104 386 16605 433628 14255834
rotating-workforce Example593 32 timeout 1007.18567 34710 3198 969319 178713 5956321
soccer-computational 02 32 sat 1.2328069 1004 88 5 27 572
soccer-computational 04 32 
soccer-computational 05 32 sat 1.1975358 968 73 27 26 862
soccer-computational 06 32 sat 3.2094102 2630 159 258 177 11343
soccer-computational 07 32 sat 1.3945735 1123 50 6 31 1218
solbat sb_13_13_5_1 32 sat 11.452624 9989 78 1096 25138 751608
solbat sb_13_13_5_5 32 timeout 13.039853 11556 548 1048 35401 1060138
solbat sb_15_15_6_0 32 sat 0.9163028 653 26 123 673 19057
solbat sb_15_15_7_3 32 sat 16.79625 14376 479 1877 24259 711333
solbat sb_15_15_7_5 32 sat 385.79047 73578 3891 308312 206917 6229710
