amaze 2012-03-09 4 sat 0.029565072 0 0 0 20 112
amaze 2012-04-27 4 sat 0.059171073 0 0 0 159 713
amaze 2012-05-31 4 sat 0.17211072 0 0 0 1001 6835
amaze 2012-06-15 4 sat 0.32895586 0 0 0 5733 24457
amaze mod2012-06-22 4 sat 4.2940297 3843 1 184 177514 692710
amaze 2012-03-09 4 sat 0.039507084 0 0 0 20 102
amaze 2012-04-27 4 sat 0.06306461 0 0 0 159 681
amaze 2012-05-31 4 sat 0.1463133 0 0 0 1001 6739
amaze 2012-06-15 4 sat 0.43995476 0 0 0 5733 23431
amaze mod2012-06-22 4 sat 3.4177053 2809 2 228 163435 678496
black-hole 12 4 sat 1.0303316 998 0 17 6287 26939
black-hole 16 4 sat 1.6346477 1484 1 36 23349 77374
black-hole 18 4 sat 0.71880543 506 0 6 2255 10046
black-hole 4 4 sat 0.5634238 506 0 7 2003 6211
black-hole 6 4 timeout 0.08343075 0 0 0 0 0
costasarray 16 4 sat 0.7177646 505 0 5 4959 24436
costasarray 17 4 sat 40.629547 39665 52 799 654927 2652323
costasarray 18 4 sat 228.86734 205372 177 23077 3187351 12780027
costasarray 19 4 timeout 300.1542 253126 59 46973 4193738 16997937
amaze 2012-03-09 4 sat 0.035890844 0 0 0 20 109
amaze 2012-04-27 4 sat 0.07622942 0 0 0 159 601
amaze 2012-05-31 4 sat 0.1584025 0 0 0 1001 5793
amaze 2012-06-15 4 sat 0.37662384 0 0 0 5733 25847
amaze mod2012-06-22 4 sat 3.612431 3311 1 228 177725 678239
black-hole 12 4 sat 0.640002 506 0 7 1109 6186
black-hole 16 4 sat 1.2218932 999 0 28 7790 39133
black-hole 18 4 sat 0.5345963 505 0 5 868 3888
black-hole 4 4 sat 2.562224 2459 1 47 18006 86525
black-hole 6 4 timeout 0.08721356 0 0 0 0 0
costasarray 16 4 sat 1.7104279 1483 0 58 28785 111514
costasarray 17 4 sat 6.373344 5935 1 72 128844 509373
costasarray 18 4 sat 29.56391 29037 4 478 517686 2073977
costasarray 19 4 sat 212.9298 190467 53 22089 3411793 13381685
costasarray 20 4 timeout 1000.073 542351 352 457374 7976421 31320183
cryptanalysis kb128_n5_obj11 4 timeout 153.0875 144617 7165 1343 83895 318934
cryptanalysis kb128_n5_obj14 4 timeout 1000.01855 959455 1558 39100 691260 2697969
cryptanalysis kb128_n5_obj16 4 sat 562.4254 526530 407 35274 436604 1655040
cryptanalysis kb128_n5_obj17 4 sat 597.7927 509289 42868 45503 410694 1988394
cryptanalysis kb192_n7_obj10 4 timeout 516.1642 507614 3881 4692 124979 498760
fillomino 5x5_1 4 timeout 1000.0187 346249 304 653476 5321500 21994294
fillomino 5x5_6 4 sat 24.490498 23024 19 986 654469 2536531
fillomino 6x6_0 4 timeout 1001.07355 213180 213 787695 4282190 17445828
fillomino 6x6_5 4 timeout 1000.81854 145993 312 854533 1919872 7235370
fillomino 7x7_0 4 timeout 1002.70294 62212 327 940189 517669 1977001
m-knapsack mknap1-6 4 timeout 1000.26227 404902 948 594413 51689310 201259672
m-knapsack mknap2-10 4 timeout 1000.3944 394926 304 605166 33748230 133202579
m-knapsack mknap2-1 4 sat 32.83667 31947 13 557 1021784 4053337
m-knapsack mknap2-20 4 sat 0.87621343 505 0 8 95430 392095
m-knapsack mknap2-31 4 timeout 1000.3953 456456 333 543609 48241591 191168315
nonogram dom_06 4 sat 0.35963342 0 0 0 1255 4806
nonogram dom_08 4 sat 7.801885 7413 4 90 138581 562686
nonogram dom_10 4 timeout 1000.00073 828374 170 171017 11625922 48355109
nonogram dom_12 4 timeout 1000.0008 634465 1615 363725 7080216 28301857
nonogram dom_14 4 timeout 1000.79865 468916 1048 530837 4518542 17846442
oocsp_racks oocsp_racks_030_f7 4 timeout 1000.05237 246617 50720 702933 6942729 25015427
oocsp_racks oocsp_racks_030_mii8_cc 4 sat 7.5857387 7360 86 253 104840 434797
oocsp_racks oocsp_racks_050_e5 4 sat 15.541061 15053 55 591 439361 1641546
oocsp_racks oocsp_racks_050_r1 4 sat 34.616447 33472 323 956 54547 202789
oocsp_racks oocsp_racks_100_r1_cc 4 sat 6.4037275 6143 308 17 198 479
pentominoes-int 02 4 sat 0.57551473 510 0 5 31 133
pentominoes-int 04 4 timeout 1000.3077 845763 154158 341 4223 17539
pentominoes-int 05 4 sat 0.95847833 529 9 3 267 909
pentominoes-int 06 4 sat 2.117111 1938 53 34 1297 3184
pentominoes-int 07 4 sat 3.249417 2894 22 91 1884 6901
rect_packing rpp18_true 4 sat 0.08218648 0 0 0 64 217
rect_packing rpp21_false 4 sat 0.11525795 0 0 0 100 331
rect_packing rpp22_false 4 sat 0.17005849 0 0 0 205 751
rect_packing rpp23_false 4 sat 0.13274121 0 0 0 95 352
rect_packing rpp26_false 4 sat 0.16375735 0 0 0 162 500
rotating-workforce Example1014 4 timeout 1000.48376 661697 320 338478 3658912 14894492
rotating-workforce Example103 4 sat 2.916438 2437 1 73 28717 113100
rotating-workforce Example1479 4 timeout 1000.00195 473974 646 525394 2392599 9376566
rotating-workforce Example1780 4 timeout 362.3699 349620 83 12317 3159499 12574412
rotating-workforce Example593 4 timeout 1000.001 254131 806 745037 1902324 7636325
soccer-computational 02 4 sat 0.7594719 505 8 2 28 112
soccer-computational 04 4 timeout 1000.2831 764665 235217 348 4477 17415
soccer-computational 05 4 sat 0.749847 553 9 2 31 149
soccer-computational 06 4 sat 4.963734 4370 64 73 2459 11332
soccer-computational 07 4 sat 2.365437 1924 55 46 913 3690
solbat sb_13_13_5_1 4 sat 39.669155 39323 6 238 137095 548514
solbat sb_13_13_5_5 4 timeout 40.791245 40158 66 320 171724 686728
solbat sb_15_15_6_0 4 sat 721.4194 650396 1266 69456 2186660 9006123
solbat sb_15_15_7_3 4 sat 58.571632 57936 263 361 183614 733665
solbat sb_15_15_7_5 4 sat 18.902782 18272 9 286 83002 314532
