amaze 2012-03-09 8 sat 0.03304736 0 0 0 20 258
amaze 2012-04-27 8 sat 0.07960287 0 0 0 159 1368
amaze 2012-05-31 8 sat 0.1609579 0 0 0 1001 10134
amaze 2012-06-15 8 sat 0.37423322 0 0 0 5733 54455
amaze mod2012-06-22 8 sat 3.421591 2648 3 388 115102 931646
amaze 2012-03-09 8 sat 0.0525324 0 0 0 15 245
amaze 2012-04-27 8 sat 0.097976685 0 0 0 159 1394
amaze 2012-05-31 8 sat 0.22697552 0 0 0 1001 11503
amaze 2012-06-15 8 sat 0.42612115 0 0 0 5733 52963
amaze mod2012-06-22 8 sat 3.3571591 2708 1 352 147167 1129487
black-hole 12 8 sat 0.58000267 506 0 37 450 4693
black-hole 16 8 sat 1.5073148 1400 1 107 12482 99457
black-hole 18 8 sat 0.5384034 506 0 20 196 1461
black-hole 4 8 sat 2.6344726 2360 1 149 19045 172712
black-hole 6 8 timeout 0.09015365 0 0 0 0 0
costasarray 16 8 sat 0.6990981 508 0 18 4217 39221
costasarray 17 8 sat 0.6481414 509 0 24 3716 33631
costasarray 18 8 sat 18.551613 17960 27 542 267267 2139188
costasarray 19 8 timeout 300.64566 158797 187 141667 2229921 17703919
amaze 2012-03-09 8 sat 0.052630257 0 0 0 20 238
amaze 2012-04-27 8 sat 0.113845095 0 0 0 159 1385
amaze 2012-05-31 8 sat 0.2842615 0 0 0 1001 10964
amaze 2012-06-15 8 sat 0.44543803 0 0 0 5733 61765
amaze mod2012-06-22 8 sat 2.8674634 2275 3 281 107654 858541
black-hole 12 8 sat 0.5709927 506 0 36 235 1945
black-hole 16 8 sat 0.644465 507 0 36 615 3798
black-hole 18 8 sat 0.55242854 507 0 24 312 1927
black-hole 4 8 sat 0.57048076 507 0 25 520 2859
black-hole 6 8 timeout 0.18835288 0 0 0 0 0
costasarray 16 8 sat 0.822441 506 0 58 7668 60678
costasarray 17 8 sat 1.1470714 952 0 57 11012 89173
costasarray 18 8 sat 20.350464 19375 10 778 351221 2766504
costasarray 19 8 sat 35.79635 33403 18 2148 544458 4331878
costasarray 20 8 timeout 1000.0867 281576 972 717546 3632664 28890807
cryptanalysis kb128_n5_obj11 8 timeout 110.00714 107726 216 2239 45453 336701
cryptanalysis kb128_n5_obj14 8 timeout 770.5166 695605 2693 72416 401756 3049110
cryptanalysis kb128_n5_obj16 8 sat 487.39 388563 24584 74118 244277 2154644
cryptanalysis kb128_n5_obj17 8 sat 322.90115 273140 2454 47168 209402 1569722
cryptanalysis kb192_n7_obj10 8 timeout 386.5309 374323 3377 9050 64984 533401
fillomino 5x5_1 8 timeout 1000.7238 187845 798 812097 3057817 23591940
fillomino 5x5_6 8 sat 14.063378 12761 17 1274 287239 2404450
fillomino 6x6_0 8 timeout 1003.4309 108596 869 893999 1661587 13024124
fillomino 6x6_5 8 timeout 1004.7598 68882 816 935098 700490 5700570
fillomino 7x7_0 8 timeout 1014.0251 25144 857 988066 228638 1766970
m-knapsack mknap1-6 8 timeout 1000.065 248177 2342 749548 26865908 207917229
m-knapsack mknap2-10 8 timeout 1000.8619 229541 1506 769817 16270958 129463565
m-knapsack mknap2-1 8 sat 7.5444994 7302 5 207 220605 1769111
m-knapsack mknap2-20 8 sat 1.0511085 970 1 77 95765 746260
m-knapsack mknap2-31 8 timeout 1000.00275 291265 1387 707353 24666166 199550265
nonogram dom_06 8 sat 0.25178164 0 0 0 1255 8970
nonogram dom_08 8 sat 4.308047 3899 2 108 78386 592929
nonogram dom_10 8 timeout 1000.0006 749259 966 249423 10225720 83924710
nonogram dom_12 8 timeout 1000.00085 362160 1005 636773 3563199 29416687
nonogram dom_14 8 timeout 1000.5007 241203 1417 757884 2140260 16444247
oocsp_racks oocsp_racks_030_f7 8 timeout 1001.5772 141748 6122 853814 4531226 33841789
oocsp_racks oocsp_racks_030_mii8_cc 8 sat 13.880823 12051 30 1635 218089 1849839
oocsp_racks oocsp_racks_050_e5 8 sat 2.565209 2576 17 160 31996 300200
oocsp_racks oocsp_racks_050_r1 8 sat 3.1294491 3258 33 82 1217 20484
oocsp_racks oocsp_racks_100_r1_cc 8 sat 78.4473 75696 2772 174 3402 6776
pentominoes-int 02 8 sat 0.8986947 533 27 5 42 202
pentominoes-int 04 8 timeout 1000.3618 678055 321322 919 3914 31052
pentominoes-int 05 8 sat 1.3600746 955 49 32 312 3634
pentominoes-int 06 8 sat 1.3593216 983 15 58 446 3033
pentominoes-int 07 8 sat 13.607523 13087 43 393 6847 53485
rect_packing rpp18_true 8 sat 0.11151589 0 0 0 69 398
rect_packing rpp21_false 8 sat 0.1730108 0 0 0 93 683
rect_packing rpp22_false 8 sat 0.26242504 0 0 0 205 1576
rect_packing rpp23_false 8 sat 0.21995988 0 0 0 130 637
rect_packing rpp26_false 8 sat 0.24866582 0 0 0 162 937
rotating-workforce Example1014 8 timeout 1000.06116 355080 919 644074 1739659 13807925
rotating-workforce Example103 8 sat 0.5768859 513 0 53 490 4863
rotating-workforce Example1479 8 timeout 1001.2274 252099 1536 747618 1137920 9023515
rotating-workforce Example1780 8 timeout 206.55562 194620 198 11745 1552633 12929938
rotating-workforce Example593 8 timeout 1001.8933 130319 1355 870238 911282 7229523
soccer-computational 02 8 sat 0.8345283 531 4 6 28 200
soccer-computational 04 8 timeout 1000.4385 707308 292269 805 3880 31265
soccer-computational 05 8 sat 1.1146572 994 13 31 266 2005
soccer-computational 06 8 sat 1.3863765 1002 5 29 360 3930
soccer-computational 07 8 sat 1.3113583 1007 20 23 98 753
solbat sb_13_13_5_1 8 sat 4.726095 4262 48 250 11429 90357
solbat sb_13_13_5_5 8 timeout 25.503906 24920 65 580 91834 750984
solbat sb_15_15_6_0 8 sat 107.49481 96313 452 10392 283937 2238512
solbat sb_15_15_7_3 8 sat 30.935976 30056 44 529 80330 654716
solbat sb_15_15_7_5 8 sat 24.712536 23588 19 1034 95459 793977
