samples kb128_n5_obj16 1 timeout 500.00366 498744 3 1292 498537 498537
samples kb128_n5_obj16 1 timeout 500.00354 498734 3 1302 523013 523013
samples kb128_n5_obj16 1 timeout 500.00296 498714 3 1322 512403 512403
samples kb128_n5_obj16 1 timeout 500.00592 498738 3 1302 498096 498096
samples kb128_n5_obj16 1 timeout 500.00708 498732 3 1308 540421 540421
samples kb128_n5_obj16 1 timeout 500.00266 498651 3 1388 505925 505925
samples kb128_n5_obj16 1 timeout 500.00238 498669 3 1368 504436 504436
samples kb128_n5_obj16 1 timeout 500.00284 498688 3 1427 518722 518722
samples kb128_n5_obj16 1 timeout 500.00046 498192 3 1345 514152 514152
samples kb128_n5_obj16 1 timeout 500.0031 498748 3 1289 528221 528221
samples kb128_n5_obj16 2 timeout 500.0092 493125 630 6338 479355 938662
samples kb128_n5_obj16 2 timeout 500.00146 494289 133 5154 481439 962243
samples kb128_n5_obj16 2 timeout 500.02808 492725 1267 6088 443106 866909
samples kb128_n5_obj16 2 timeout 500.00192 492837 15 6736 459925 915033
samples kb128_n5_obj16 2 timeout 500.0065 493797 379 5898 474949 955261
samples kb128_n5_obj16 2 timeout 500.01178 493589 473 6017 458143 931964
samples kb128_n5_obj16 2 timeout 500.008 493136 80 6845 448663 893464
samples kb128_n5_obj16 2 timeout 500.00082 492543 841 6209 466064 908302
samples kb128_n5_obj16 2 timeout 500.0135 492603 1779 5696 479009 953514
samples kb128_n5_obj16 2 timeout 500.00775 494594 9 5497 493581 973855
samples kb128_n5_obj16 4 timeout 500.05994 473502 3973 22666 425116 1632728
samples kb128_n5_obj16 4 timeout 500.0846 456766 11745 31710 410950 1432276
samples kb128_n5_obj16 4 sat 355.98892 340706 2138 12828 302034 1180430
samples kb128_n5_obj16 4 timeout 500.0502 461886 11890 26376 392986 1562796
samples kb128_n5_obj16 4 timeout 500.0523 463466 9509 27180 393349 1548644
samples kb128_n5_obj16 4 timeout 500.0564 467642 3744 28807 372496 1389314
samples kb128_n5_obj16 4 sat 83.881966 81467 691 1539 72802 255775
samples kb128_n5_obj16 4 timeout 500.09695 433558 34322 32339 311987 1275863
samples kb128_n5_obj16 4 timeout 500.0588 468564 19 31636 348561 1224496
samples kb128_n5_obj16 4 timeout 500.04376 474723 1749 23672 395636 1601909
samples kb128_n5_obj16 8 timeout 500.13547 392605 23713 83968 246394 2094666
samples kb128_n5_obj16 8 timeout 500.0026 371883 43377 84608 223875 1896431
samples kb128_n5_obj16 8 sat 163.28015 151312 716 11191 122426 960665
samples kb128_n5_obj16 8 timeout 500.17395 411497 2206 86627 271200 1963077
samples kb128_n5_obj16 8 timeout 500.163 379422 30130 90763 255129 1836227
samples kb128_n5_obj16 8 sat 304.9769 238615 26641 39529 152634 1410060
samples kb128_n5_obj16 8 timeout 500.0015 409619 1486 88708 256125 1779802
samples kb128_n5_obj16 8 sat 345.86185 305429 1486 38838 216624 1776438
samples kb128_n5_obj16 8 sat 378.3201 320166 3603 54498 205931 1654367
samples kb128_n5_obj16 8 timeout 500.20447 358314 55937 86088 216751 1771219
samples kb128_n5_obj16 16 timeout 500.31424 289518 4860 206241 140915 1954643
samples kb128_n5_obj16 16 timeout 500.07068 150416 151203 198530 76152 1934107
samples kb128_n5_obj16 16 timeout 500.34113 279159 17217 204276 130154 2141651
samples kb128_n5_obj16 16 timeout 500.34488 292405 10865 197308 133112 2000620
samples kb128_n5_obj16 16 timeout 500.00067 282564 16839 200622 130290 2040035
samples kb128_n5_obj16 16 timeout 500.34827 297371 4773 198443 137813 2030781
samples kb128_n5_obj16 16 timeout 500.00378 288820 12587 198721 127224 2088116
samples kb128_n5_obj16 16 timeout 500.00186 298126 5648 196317 137952 2041914
samples kb128_n5_obj16 16 timeout 500.593 225212 73469 202034 103968 1900312
samples kb128_n5_obj16 16 sat 468.48657 288438 1944 178137 129927 1892603
samples kb128_n5_obj16 32 timeout 500.22925 141523 48514 310578 49715 1904785
samples kb128_n5_obj16 32 timeout 500.01657 48948 130971 320476 18706 1800694
samples kb128_n5_obj16 32 timeout 500.10736 176730 8897 315128 60324 1827407
samples kb128_n5_obj16 32 timeout 500.56836 167620 12782 320781 60585 1823891
samples kb128_n5_obj16 32 timeout 500.75894 183337 8313 309642 66533 1808829
samples kb128_n5_obj16 32 timeout 500.0583 113375 69091 317999 41707 1774843
samples kb128_n5_obj16 32 timeout 500.00494 74845 125286 300054 25037 1649786
samples kb128_n5_obj16 32 timeout 500.0508 107549 68768 323905 36517 1836208
samples kb128_n5_obj16 32 sat 491.86383 159576 18636 313874 53384 1731043
samples kb128_n5_obj16 32 timeout 500.54153 167954 9660 323495 61804 1735736
