samples kb128_n5_obj16 1 sat 121.07489 120984 2 53 74883 74883
samples kb128_n5_obj16 1 sat 296.6508 296348 3 189 188339 188339
samples kb128_n5_obj16 1 sat 148.79617 148447 2 87 97252 97252
samples kb128_n5_obj16 1 sat 139.76631 139459 2 78 89851 89851
samples kb128_n5_obj16 1 sat 129.37743 129058 2 59 76927 76927
samples kb128_n5_obj16 1 sat 52.77325 52525 1 17 35152 35152
samples kb128_n5_obj16 1 sat 154.72685 154467 2 69 104770 104770
samples kb128_n5_obj16 1 sat 137.75247 137459 2 76 89838 89838
samples kb128_n5_obj16 1 sat 6.822707 6532 0 5 7314 7314
samples kb128_n5_obj16 1 sat 101.82995 101498 2 40 61970 61970
samples kb128_n5_obj16 2 sat 72.299416 71885 113 70 48724 95551
samples kb128_n5_obj16 2 sat 24.818964 22065 2515 36 14142 33990
samples kb128_n5_obj16 2 sat 83.984505 83367 106 100 58108 112391
samples kb128_n5_obj16 2 sat 62.2896 61929 68 70 42756 84251
samples kb128_n5_obj16 2 sat 65.2679 64761 251 84 46011 87411
samples kb128_n5_obj16 2 sat 53.359886 52974 21 64 36092 72726
samples kb128_n5_obj16 2 sat 55.28374 54850 167 56 34854 75534
samples kb128_n5_obj16 2 sat 57.387665 56961 40 79 37762 74049
samples kb128_n5_obj16 2 sat 53.8214 53377 88 87 38340 72643
samples kb128_n5_obj16 2 sat 65.31291 64921 57 69 44877 90051
samples kb128_n5_obj16 4 sat 40.292877 39970 1 186 28244 98063
samples kb128_n5_obj16 4 sat 28.251392 28049 1 101 22198 82416
samples kb128_n5_obj16 4 sat 34.81542 33561 959 126 20475 88988
samples kb128_n5_obj16 4 sat 42.81013 42475 2 151 28186 106752
samples kb128_n5_obj16 4 sat 35.706264 33778 1723 120 23238 94014
samples kb128_n5_obj16 4 sat 24.305237 23564 468 84 18983 71814
samples kb128_n5_obj16 4 sat 35.892517 35496 2 153 20123 77913
samples kb128_n5_obj16 4 sat 28.314497 26361 1661 111 15074 71635
samples kb128_n5_obj16 4 sat 45.876503 40955 4472 170 24920 111016
samples kb128_n5_obj16 4 sat 1.4227893 1115 19 8 1157 4189
samples kb128_n5_obj16 8 sat 23.902678 22437 1065 145 10890 97315
samples kb128_n5_obj16 8 sat 8.81851 8543 0 73 5156 41941
samples kb128_n5_obj16 8 sat 29.340183 28898 65 260 15568 118825
samples kb128_n5_obj16 8 sat 26.356201 25771 204 191 15871 107634
samples kb128_n5_obj16 8 sat 29.816626 28501 885 289 15886 130834
samples kb128_n5_obj16 8 sat 3.498031 2576 566 57 2279 16158
samples kb128_n5_obj16 8 sat 29.307661 28664 299 224 17880 112962
samples kb128_n5_obj16 8 sat 14.976182 12252 2292 108 4776 63389
samples kb128_n5_obj16 8 sat 26.765244 26316 96 241 14664 106829
samples kb128_n5_obj16 8 sat 1.972262 1477 122 124 794 10800
samples kb128_n5_obj16 16 sat 33.48567 29677 2900 722 8720 163773
samples kb128_n5_obj16 16 sat 27.930729 25321 1658 759 8914 147448
samples kb128_n5_obj16 16 sat 29.141975 27808 887 566 11646 160547
samples kb128_n5_obj16 16 sat 31.675909 30146 967 628 12372 171244
samples kb128_n5_obj16 16 sat 25.945389 24711 521 486 11184 149632
samples kb128_n5_obj16 16 sat 30.410938 29131 507 541 10485 169253
samples kb128_n5_obj16 16 sat 32.598896 31546 502 663 11608 182917
samples kb128_n5_obj16 16 sat 28.445667 27435 243 543 10471 158516
samples kb128_n5_obj16 16 sat 12.985513 12499 73 263 4881 79589
samples kb128_n5_obj16 16 sat 8.973742 8285 262 169 3515 56557
samples kb128_n5_obj16 32 sat 17.14365 16226 547 751 4203 144234
samples kb128_n5_obj16 32 sat 22.175375 20723 698 1067 6462 182000
samples kb128_n5_obj16 32 sat 17.31161 16037 809 760 4965 137728
samples kb128_n5_obj16 32 sat 8.48965 7833 212 454 2809 79993
samples kb128_n5_obj16 32 sat 25.472692 23495 887 1216 5619 200829
samples kb128_n5_obj16 32 sat 26.210793 24565 703 1297 6774 214542
samples kb128_n5_obj16 32 sat 12.965105 11992 234 731 4224 103265
samples kb128_n5_obj16 32 sat 19.196913 17735 888 987 4468 145901
samples kb128_n5_obj16 32 sat 9.782064 9424 170 516 2777 87106
samples kb128_n5_obj16 32 sat 17.174242 15673 867 963 4085 134147
