samples SchurrLemma-050-9-mod 1 unsat 114.02626 113406 2 610 426097 426097
samples SchurrLemma-050-9-mod 1 unsat 114.38025 113419 2 593 426821 426821
samples SchurrLemma-050-9-mod 1 unsat 116.78457 115891 2 615 440418 440418
samples SchurrLemma-050-9-mod 1 unsat 116.21109 115343 2 663 441412 441412
samples SchurrLemma-050-9-mod 1 unsat 109.31064 108457 2 549 434381 434381
samples SchurrLemma-050-9-mod 1 unsat 110.18746 109463 2 546 431327 431327
samples SchurrLemma-050-9-mod 1 unsat 110.133286 109447 2 559 427441 427441
samples SchurrLemma-050-9-mod 1 unsat 115.53633 114865 2 646 432849 432849
samples SchurrLemma-050-9-mod 1 unsat 115.59326 114876 2 635 430068 430068
samples SchurrLemma-050-9-mod 1 unsat 109.02409 108499 2 510 424282 424282
samples SchurrLemma-050-9-mod 2 timeout 67.34276 64495 1712 811 224545 449789
samples SchurrLemma-050-9-mod 2 timeout 76.70262 71363 4243 913 231149 462264
samples SchurrLemma-050-9-mod 2 timeout 73.0637 67742 4446 834 224684 449651
samples SchurrLemma-050-9-mod 2 timeout 77.57977 70868 5652 1000 223326 446485
samples SchurrLemma-050-9-mod 2 timeout 73.9197 70279 2663 819 229822 459685
samples SchurrLemma-050-9-mod 2 timeout 73.83748 70865 1918 905 226676 453149
samples SchurrLemma-050-9-mod 2 timeout 75.16072 71733 2387 934 228644 457322
samples SchurrLemma-050-9-mod 2 timeout 73.01363 70282 1965 774 222851 445025
samples SchurrLemma-050-9-mod 2 timeout 71.09577 66072 4070 878 224762 449580
samples SchurrLemma-050-9-mod 2 timeout 74.47803 68850 4504 958 228901 457588
samples SchurrLemma-050-9-mod 4 timeout 41.951794 37457 3500 1001 114755 459050
samples SchurrLemma-050-9-mod 4 timeout 44.619213 37551 5816 1151 115240 460787
samples SchurrLemma-050-9-mod 4 timeout 43.513714 38020 4339 1167 115572 462203
samples SchurrLemma-050-9-mod 4 timeout 45.415592 38366 5802 1260 115233 461076
samples SchurrLemma-050-9-mod 4 timeout 44.76684 40082 3508 1147 114833 459305
samples SchurrLemma-050-9-mod 4 timeout 40.990807 36408 3513 1071 115750 462960
samples SchurrLemma-050-9-mod 4 timeout 40.3333 35014 4287 1035 112733 450973
samples SchurrLemma-050-9-mod 4 timeout 43.657276 37743 4688 1096 114423 457325
samples SchurrLemma-050-9-mod 4 timeout 40.401134 35704 3642 1011 112847 451365
samples SchurrLemma-050-9-mod 4 timeout 40.729755 36394 3215 1128 115227 460952
samples SchurrLemma-050-9-mod 8 timeout 24.330048 20480 2390 1370 59664 477164
samples SchurrLemma-050-9-mod 8 timeout 25.313496 21003 2607 1461 61203 489489
samples SchurrLemma-050-9-mod 8 timeout 25.267628 21204 2543 1384 59772 478063
samples SchurrLemma-050-9-mod 8 timeout 25.351458 20959 2851 1498 59061 472506
samples SchurrLemma-050-9-mod 8 timeout 27.242575 22768 2731 1716 60570 484477
samples SchurrLemma-050-9-mod 8 timeout 26.778439 22397 2536 1626 61672 493229
samples SchurrLemma-050-9-mod 8 timeout 26.430813 23057 1867 1520 60463 483521
samples SchurrLemma-050-9-mod 8 timeout 25.97269 21821 2634 1536 60444 483650
samples SchurrLemma-050-9-mod 8 timeout 25.40871 21374 2258 1478 61056 488532
samples SchurrLemma-050-9-mod 8 timeout 26.5498 21768 3087 1710 61773 492849
samples SchurrLemma-050-9-mod 16 timeout 17.115316 13021 1753 2309 33711 537031
samples SchurrLemma-050-9-mod 16 timeout 16.553488 13286 1280 2017 32772 522100
samples SchurrLemma-050-9-mod 16 timeout 16.558365 13184 1317 2080 33977 542329
samples SchurrLemma-050-9-mod 16 timeout 16.56257 12792 1556 2238 32616 522342
samples SchurrLemma-050-9-mod 16 timeout 16.308231 12928 1254 1921 32852 524374
samples SchurrLemma-050-9-mod 16 timeout 17.957426 13734 1820 2289 32543 520615
samples SchurrLemma-050-9-mod 16 timeout 16.35044 12638 1593 1837 33042 527830
samples SchurrLemma-050-9-mod 16 timeout 16.733376 12802 1864 1889 32807 523319
samples SchurrLemma-050-9-mod 16 timeout 16.294025 12956 1156 2019 32055 514920
samples SchurrLemma-050-9-mod 16 timeout 16.590141 13532 1171 1902 32250 515563
samples SchurrLemma-050-9-mod 32 timeout 14.696836 8989 2248 3504 17184 549978
samples SchurrLemma-050-9-mod 32 timeout 13.700808 9051 1321 3379 17919 576897
samples SchurrLemma-050-9-mod 32 timeout 14.644842 9046 1739 3906 17740 574382
samples SchurrLemma-050-9-mod 32 timeout 13.090077 8718 2057 2310 16760 535746
samples SchurrLemma-050-9-mod 32 timeout 14.122374 8732 2362 3073 17973 574883
samples SchurrLemma-050-9-mod 32 timeout 14.179773 8808 1913 3369 17452 556884
samples SchurrLemma-050-9-mod 32 timeout 13.669992 9014 1502 3191 17130 549734
samples SchurrLemma-050-9-mod 32 timeout 13.528412 8198 2478 2889 17165 549528
samples SchurrLemma-050-9-mod 32 timeout 13.697429 8401 2170 3142 17208 550484
samples SchurrLemma-050-9-mod 32 timeout 14.164567 8169 2439 3574 17024 544537
