samples SchurrLemma-050-9-mod 1 unsat 84.72634 84234 2 270 348857 348857
samples SchurrLemma-050-9-mod 1 unsat 82.13042 81726 2 280 333665 333665
samples SchurrLemma-050-9-mod 1 unsat 83.888115 83239 2 269 353757 353757
samples SchurrLemma-050-9-mod 1 unsat 87.96399 87607 2 286 374346 374346
samples SchurrLemma-050-9-mod 1 unsat 82.89839 82254 2 251 357117 357117
samples SchurrLemma-050-9-mod 1 unsat 79.8629 79328 2 254 343132 343132
samples SchurrLemma-050-9-mod 1 unsat 87.09349 86711 2 294 363361 363361
samples SchurrLemma-050-9-mod 1 unsat 80.052864 79804 1 237 346394 346394
samples SchurrLemma-050-9-mod 1 unsat 85.77646 85497 1 261 372075 372075
samples SchurrLemma-050-9-mod 1 unsat 89.195694 88837 1 303 380288 380288
samples SchurrLemma-050-9-mod 2 timeout 58.546665 55613 2374 526 188569 377642
samples SchurrLemma-050-9-mod 2 timeout 63.543304 59417 3553 546 198657 397364
samples SchurrLemma-050-9-mod 2 timeout 56.069786 53339 2221 453 189686 379740
samples SchurrLemma-050-9-mod 2 timeout 56.35441 51766 3812 436 188585 377636
samples SchurrLemma-050-9-mod 2 timeout 55.157784 53223 1386 404 190904 381408
samples SchurrLemma-050-9-mod 2 timeout 51.045395 48245 2411 357 184855 369640
samples SchurrLemma-050-9-mod 2 timeout 60.078773 57466 2075 471 192613 385379
samples SchurrLemma-050-9-mod 2 timeout 59.062943 56707 1875 449 199457 399081
samples SchurrLemma-050-9-mod 2 timeout 46.74063 43798 2406 310 186112 372046
samples SchurrLemma-050-9-mod 2 timeout 57.503372 54710 2357 443 184703 369332
samples SchurrLemma-050-9-mod 4 timeout 36.506313 31940 4091 485 99517 398263
samples SchurrLemma-050-9-mod 4 timeout 33.623302 30505 2551 464 102002 408403
samples SchurrLemma-050-9-mod 4 timeout 32.33576 30036 1752 451 99431 397645
samples SchurrLemma-050-9-mod 4 timeout 31.642542 28022 3059 437 98153 392672
samples SchurrLemma-050-9-mod 4 timeout 32.799408 29269 2720 533 102580 409431
samples SchurrLemma-050-9-mod 4 timeout 30.430805 27940 2136 367 97605 390416
samples SchurrLemma-050-9-mod 4 timeout 31.698633 28675 2427 418 101991 407103
samples SchurrLemma-050-9-mod 4 timeout 31.496292 27880 3004 432 100216 400846
samples SchurrLemma-050-9-mod 4 timeout 32.329704 30260 1600 471 99666 398635
samples SchurrLemma-050-9-mod 4 timeout 32.711285 28785 3524 415 98609 394454
samples SchurrLemma-050-9-mod 8 timeout 19.078161 16470 1932 634 54044 430368
samples SchurrLemma-050-9-mod 8 timeout 19.244495 16380 1929 721 54356 433488
samples SchurrLemma-050-9-mod 8 timeout 23.542446 21260 1606 659 55744 445051
samples SchurrLemma-050-9-mod 8 timeout 21.01147 18319 2067 650 55057 438357
samples SchurrLemma-050-9-mod 8 timeout 20.019068 17447 1891 690 54685 435206
samples SchurrLemma-050-9-mod 8 timeout 22.116386 18761 2574 698 54988 439539
samples SchurrLemma-050-9-mod 8 timeout 21.152924 18030 2405 594 54238 434978
samples SchurrLemma-050-9-mod 8 timeout 20.519955 18021 1913 593 54889 438585
samples SchurrLemma-050-9-mod 8 timeout 21.629889 18822 1974 733 55451 440718
samples SchurrLemma-050-9-mod 8 timeout 20.049818 17775 1644 617 54395 434860
samples SchurrLemma-050-9-mod 16 timeout 13.526708 11131 1448 975 29925 474816
samples SchurrLemma-050-9-mod 16 timeout 13.37377 10820 1287 953 30723 488866
samples SchurrLemma-050-9-mod 16 timeout 15.03681 11656 2219 1172 30991 494704
samples SchurrLemma-050-9-mod 16 timeout 13.520309 10925 1624 1001 30844 488531
samples SchurrLemma-050-9-mod 16 timeout 13.755546 10963 1557 1066 30411 486429
samples SchurrLemma-050-9-mod 16 timeout 13.079144 10923 1223 889 30259 483489
samples SchurrLemma-050-9-mod 16 timeout 13.579418 11040 1411 1099 30405 481227
samples SchurrLemma-050-9-mod 16 timeout 15.038285 11584 2502 975 31008 496062
samples SchurrLemma-050-9-mod 16 timeout 14.11685 11567 1456 1087 31737 503729
samples SchurrLemma-050-9-mod 16 timeout 14.031846 11516 1477 1067 31762 508401
samples SchurrLemma-050-9-mod 32 timeout 11.569813 7860 2060 1683 17514 559608
samples SchurrLemma-050-9-mod 32 timeout 10.558579 7219 1724 1633 17222 550362
samples SchurrLemma-050-9-mod 32 timeout 10.356839 7156 1538 1734 17153 548926
samples SchurrLemma-050-9-mod 32 timeout 11.217965 7263 2218 1587 17643 563298
samples SchurrLemma-050-9-mod 32 timeout 11.0748 7520 1778 1798 17112 544303
samples SchurrLemma-050-9-mod 32 timeout 11.598549 8112 1925 1592 17990 574379
samples SchurrLemma-050-9-mod 32 timeout 11.294167 7559 2080 1701 17170 549431
samples SchurrLemma-050-9-mod 32 timeout 11.563019 8160 1698 1739 17842 572264
samples SchurrLemma-050-9-mod 32 timeout 11.578638 7825 1775 1998 18037 574934
samples SchurrLemma-050-9-mod 32 timeout 11.719568 7869 1970 1710 17808 563751
