amaze 2012-03-09 1 sat 0.04695479 0 0 0 111 111
amaze 2012-04-27 1 sat 4.2165995 3990 1 15 281881 281881
amaze 2012-05-31 1 sat 0.090724766 0 0 0 1573 1573
amaze 2012-06-15 1 sat 0.46841198 0 0 0 14789 14789
amaze mod2012-06-22 1 sat 0.66890734 508 1 4 21985 21985
black-hole 12 1 sat 1.0197548 1002 0 3 8318 8318
black-hole 16 1 sat 1.5094259 1501 0 3 19136 19136
black-hole 18 1 sat 13.015941 12978 1 28 146361 146361
black-hole 4 1 sat 23.564196 23483 1 20	179743 179743
black-hole 6 1 unsat 0.033305082 0 0 0 0 0
costasarray 16 1 sat 73.12496 72768 1 237 967121 967121
costasarray 17 1 sat 394.22113 391502 3 2503 4550337 4550337
costasarray 18 1 sat 98.05994 97719 2 285 990187 990187
costasarray 19 1 timeout 1000.0248 984917 4 15107 9192866 9192866
costasarray 20 1 timeout 1000.0104 985044 4 14965 7802986 7802986
cryptanalysis kb128_n5_obj11 1 unsat 141.39546 141073 2 39 56773 56773
cryptanalysis kb128_n5_obj14 1 unsat 572.2528 571670 3 374 316445 316445
cryptanalysis kb128_n5_obj16 1 sat 157.29407 156948 2 95 83755 83755
cryptanalysis kb128_n5_obj17 1 sat 14.660672 14533 1 11 10801 10801
cryptanalysis kb192_n7_obj10 1 unsat 570.5275 570289 7 274 153635 153635
fillomino 5x5_1 1 sat 640.95483 616027 4 24505 11469309 11469309
fillomino 5x5_6 1 sat 275.32462 272382 2 2629 7159584 7159584
fillomino 6x6_0 1 timeout 1000.17474 845640 5 154536 11650484 11650484
fillomino 6x6_5 1 timeout 1000.16156 883085 5 117078 10316414 10316414
fillomino 7x7_0 1 timeout 1000.13275 503032 4 497105 4758249 4758249
m-knapsack mknap1-6 1 timeout 1000.1046 870718 4 129383 157296516 157296516
m-knapsack mknap2-10 1 timeout 1000.0767 895323 5 104750 109011279 109011279
m-knapsack mknap2-1 1 sat 106.2841 105284 2 721 2964440 2964440
m-knapsack mknap2-20 1 sat 1.7332432 1499 0 4 232399 232399
m-knapsack mknap2-31 1 timeout 1000.13873 896024 5 104111 111030047 111030047
nonogram dom_06 1 sat 0.18401001 0 0 0 2372 2372
nonogram dom_08 1 sat 25.338099 24967 1 41 433807 433807
nonogram dom_10 1 timeout 1000.0228 984920 4 15101 14722451 14722451
nonogram dom_12 1 timeout 1000.00073 984627 4 14881 12293655 12293655
nonogram dom_14 1 timeout 1000.011 983007 4 17002 10692546 10692546
oocsp_racks oocsp_racks_030_f7 1 timeout 1000.0432 935962 6 64104 25371704 25371704
oocsp_racks oocsp_racks_030_mii8_cc 1 sat 416.22034 409836 3 6242 10253313 10253313
oocsp_racks oocsp_racks_050_e5 1 sat 979.04034 954099 7 24964 14162828 14162828
oocsp_racks oocsp_racks_050_r1 1 sat 1.6313386 1570 0 3 805 805
oocsp_racks oocsp_racks_100_r1_cc 1 sat 2.455669 2409 0 4 18 18
pentominoes-int 02 1 sat 0.14008024 0 0 0 57 57
pentominoes-int 04 1 timeout 1000.1318 1000020 10 40 6105 6105
pentominoes-int 05 1 sat 2.807587 2500 0 5 2353 2353
pentominoes-int 06 1 sat 2.6806185 2506 0 4 1776 1776
pentominoes-int 07 1 sat 32.08644 31977 2 26 22005 22005
rect_packing rpp18_true 1 sat 1.3824948 1001 0 3 8253 8253
rect_packing rpp21_false 1 sat 6.0110245 5994 1 9 48017 48017
rect_packing rpp22_false 1 sat 9.5668335 9494 0 9 68793 68793
rect_packing rpp23_false 1 sat 3.0168107 2999 0 5 20519 20519
rect_packing rpp26_false 1 sat 15.011436 14988 1 17 119057 119057
rotating-workforce Example1014 1 timeout 1000.0314 985900 4 14131 6619478 6619478
rotating-workforce Example103 1 sat	39.504868 39439 1 69 485877 485877
rotating-workforce Example1479 1 sat 8.770444 8485 0 21 59834 59834
rotating-workforce Example1780 1 timeout 1000.0223 991497 5 8524 7457811 7457811
rotating-workforce Example593 1 timeout 1000.0524 913112 5 86940 7753408 7753408
soccer-computational 02 1 sat 0.1380629 0 0 0 57 57
soccer-computational 04 1 timeout 1000.27325 1000150 9 48 6122 6122
soccer-computational 05 1 sat 0.88324654 505 0 2 674 674
soccer-computational 06 1 sat 0.8549461 505 0 2 736 736
soccer-computational 07 1 sat 12.592747 12487 1 17 8375 8375
solbat sb_13_13_5_1 1 sat 246.38222 245658 3 354 668949 668949
solbat sb_13_13_5_5 1 unsat 200.4532 199741 2 272 621595 621595
solbat sb_15_15_6_0 1 timeout 1000.00354 995560 5 4455 2791470 2791470
solbat sb_15_15_7_3 1 sat 357.7508 356972 3 545 996366 996366
solbat sb_15_15_7_5 1 timeout 1000.0112 993400 4 6623 3754225 3754225
