amaze 2012-03-09 2 sat 0.03654684 0 0 0 48 121
amaze 2012-04-27 2 sat 3.0053146 2956 2 50 169902 346756
amaze 2012-05-31 2 sat 0.12299014 0 0 0 927 2122
amaze 2012-06-15 2 sat 0.22479054 0 0 0 2743 5686
amaze mod2012-06-22 2 sat 0.45058095 0 0 0 9148 19391
black-hole 12 2 sat 1.0079632 1000 0 5 6567 12895
black-hole 16 2 sat 2.5165293 2493 0 19 30595 61157
black-hole 18 2 sat 3.9790833 3489 1 16 45672 87627
black-hole 4 2 sat 15.205553 14969 3 37 114861 222239
black-hole 6 2 unsat 0.06024262 0 0 0 0 0
costasarray 16 2 sat 3.347786 2994 1 13 39608 77360
costasarray 17 2 sat 285.40506 278525 11 6480 3201138 6420026
costasarray 18 2 sat 53.207546 52729 2 276 529611 1050463
costasarray 19 2 timeout 1000.0777 945120 32 54929 8355234 16662020
costasarray 20 2 timeout 1000.03125 948802 68 51165 7089947 14154082
cryptanalysis kb128_n5_obj11 2 unsat 74.244995 74033 3 70 34991 65083
cryptanalysis kb128_n5_obj14 2 unsat 317.16818 316042 393 616 177092 358647
cryptanalysis kb128_n5_obj16 2 sat 69.32453 68873 84 94 44578 87817
cryptanalysis kb128_n5_obj17 2 sat 14.1315775 14012 14 24 9027 18404
cryptanalysis kb192_n7_obj10 2 unsat 334.49994 333108 676 367 83320 166678
fillomino 5x5_1 2 sat 361.9443 331096 253 30206 5851078 11680092
fillomino 5x5_6 2 sat 164.37071 159551 116 4393 4352578 8627152
fillomino 6x6_0 2 timeout 1000.001 539956 55 459955 7089575 14235465
fillomino 6x6_5 2 timeout 1000.5164 598906 128 401491 7079317 14059823
fillomino 7x7_0 2 timeout 1001.048 265782 150 735127 2463100 4919573
m-knapsack mknap1-6 2 timeout 1000.1604 574526 104 425531 86204543 170118383
m-knapsack mknap2-10 2 timeout 1000.14105 628175 323 371644 68419919 138110953
m-knapsack mknap2-1 2 sat 72.38396 71111 24 879 1886890 3791257
m-knapsack mknap2-20 2 sat 1.5626874 1497 0 7 200068 394764
m-knapsack mknap2-31 2 timeout 1000.38666 626117 95 374176 68930830 140575403
nonogram dom_06 2 sat 0.34547284 0 0 0 1934 3929
nonogram dom_08 2 sat 17.514189 17420 29 58 301081 599188
nonogram dom_10 2 timeout 1000.0897 942096 39 57957 12499922 25429185
nonogram dom_12 2 timeout 1000.0008 945420 72 54168 11234416 22543563
nonogram dom_14 2 timeout 1000.0007 945111 74 54381 9552575 19222470
oocsp_racks oocsp_racks_030_f7 2 timeout 1000.1688 762290 5228 232716 19603876 39351188
oocsp_racks oocsp_racks_030_mii8_cc 2 sat 83.19676 81460 3 1652 1953840 3901306
oocsp_racks oocsp_racks_050_e5 2 sat 393.08313 372742 109 20339 5103028 10201637
oocsp_racks oocsp_racks_050_r1 2 sat 1.8275406 1666 7 6 813 1559
oocsp_racks oocsp_racks_100_r1_cc 2 sat 3.9597895 3967 61 6 27 100
pentominoes-int 02 2 sat 0.44330737 0 0 0 57 106
pentominoes-int 04 2 timeout 1000.2372 870889 129140 158 4521 8817
pentominoes-int 05 2 sat 1.2451093 1000 0 6 591 1333
pentominoes-int 06 2 sat 1.166953 1005 0 3 454 852
pentominoes-int 07 2 sat 2.7620306 2494 3 8 1672 3226
rect_packing rpp18_true 2 sat 1.1931914 1002 0 4 7264 14341
rect_packing rpp21_false 2 sat 2.5184157 2501 0 6 18096 35569
rect_packing rpp22_false 2 sat 1.0680518 1002 0 10 3853 7661
rect_packing rpp23_false 2 sat 1.0302397 1003 0 5 4441 8647
rect_packing rpp26_false 2 sat 2.5410538 2497 1 9 14165 29863
rotating-workforce Example1014 2 timeout 1000.05475 947850 38 52171 6124326 12194675
rotating-workforce Example103 2 sat 10.116764 9965 4 38 118354 239948
rotating-workforce Example1479 2 sat 11.3875065 10880 2 129 74064 147928
rotating-workforce Example1780 2 timeout 964.70544 937179 20 27316 6855502 13750143
rotating-workforce Example593 2 timeout 1000.3321 689487 30 310819 5687992 11316160
soccer-computational 02 2 sat 0.45296505 0 0 0 57 152
soccer-computational 04 2 timeout 1000.19214 924883 75083 166 4246 8745
soccer-computational 05 2 sat 3.1394765 2975 17 17 1978 3871
soccer-computational 06 2 sat 2.1419537 1993 2 12 1082 1977
soccer-computational 07 2 sat 2.0946841 1996 0 10 1175 2134
solbat sb_13_13_5_1 2 sat 147.69016 146875 266 390 412628 808991
solbat sb_13_13_5_5 2 unsat 116.49583 115617 104 335 373625 745975
solbat sb_15_15_6_0 2 timeout 1000.00653 987129 201 12708 2221891 4738133
solbat sb_15_15_7_3 2 sat 198.35043 196419 924 745 565313 1132930
solbat sb_15_15_7_5 2 sat 675.4634 662436 36 12572 2393578 4391883
