amaze 2012-03-09 8 sat 0.053153258 0 0 0 37 407
amaze 2012-04-27 8 sat 1.1805795 645 0 541 12712 99201
amaze 2012-05-31 8 sat 0.08458046 0 0 0 69 787
amaze 2012-06-15 8 sat 0.38212088 0 0 0 2681 20974
amaze mod2012-06-22 8 sat 1.1085297 574 0 456 10321 75191
black-hole 12 8 sat 1.2122798 989 0 107 6608 59361
black-hole 16 8 sat 1.1052544 979 0 123 5971 53030
black-hole 18 8 sat 0.5615612 506 0 23 1033 9039
black-hole 4 8 sat 3.0708275 2775 1 231 9477 144642
black-hole 6 8 unsat 0.18260896 0 0 0 0 0
costasarray 16 8 sat 1.2563212 978 1 30 10276 83230
costasarray 17 8 sat 32.41404 31133 25 862 342089 2789685
costasarray 18 8 sat 21.105923 20529 9 492 195228 1556985
costasarray 19 8 timeout 1000.2997 595159 750 404397 4845398 38068963
costasarray 20 8 timeout 1000.3179 570733 375 429218 4196874 32520077
cryptanalysis kb128_n5_obj11 8 unsat 40.1211 40050 3 148 14872 106070
cryptanalysis kb128_n5_obj14 8 unsat 147.57979 146034 738 893 68984 529379
cryptanalysis kb128_n5_obj16 8 sat 45.449417 40135 4682 379 17915 160208
cryptanalysis kb128_n5_obj17 8 sat 5.2482686 4838 292 57 2724 24109
cryptanalysis kb192_n7_obj10 8 unsat 205.50812 203347 1573 830 33577 255149
fillomino 5x5_1 8 sat 265.4446 139683 300 125380 2043400 16259984
fillomino 5x5_6 8 sat 57.28708 52456 24 4646 1176936 9294702
fillomino 6x6_0 8 timeout 1000.07367 157779 1393 840920 1700056 13618880
fillomino 6x6_5 8 timeout 1001.33466 167862 1173 832322 1617400 12630354
fillomino 7x7_0 8 timeout 1004.5324 67963 1162 935438 513945 4160719
m-knapsack mknap1-6 8 timeout 1000.4074 266171 964 733274 42100579 320544345
m-knapsack mknap2-10 8 timeout 1000.02356 348627 1517 649881 33867578 266303450
m-knapsack mknap2-1 8 sat 33.62731 32673 17 822 834025 6527214
m-knapsack mknap2-20 8 sat 1.1015879 970 0 35 115283 899555
m-knapsack mknap2-31 8 timeout 1000.0585 349834 5114 645114 36183189 286381017
nonogram dom_06 8 sat 0.23139535 0 0 0 1677 12755
nonogram dom_08 8 sat 9.440738 8902 4 108 159801 1210404
nonogram dom_10 8 timeout 1000.00073 791389 2521 205703 10692469 85007589
nonogram dom_12 8 timeout 1000.1067 779206 1310 219593 8831562 69902855
nonogram dom_14 8 timeout 1000.0007 704579 1152 293933 6930624 55218386
oocsp_racks oocsp_racks_030_f7 8 timeout 1000.4929 212096 121956 666501 4078199 45959824
oocsp_racks oocsp_racks_030_mii8_cc 8 sat 4.9417257 4404 173 143 61496 572016
oocsp_racks oocsp_racks_050_e5 8 sat 124.187416 100773 251 23407 1250002 9683772
oocsp_racks oocsp_racks_050_r1 8 sat 0.7242182 822 39 3 8 44
oocsp_racks oocsp_racks_100_r1_cc 8 sat 10.962149 11120 988 23 198 359
pentominoes-int 02 8 sat 0.810931 580 1 3 24 128
pentominoes-int 04 8 timeout 1000.5065 734258 265399 763 3569 29297
pentominoes-int 05 8 sat 1.2568289 944 62 21 238 2220
pentominoes-int 06 8 sat 0.83123314 609 24 4 83 410
pentominoes-int 07 8 sat 3.8356452 3387 70 58 1222 10726
rect_packing rpp18_true 8 sat 0.09634954 0 0 0 68 250
rect_packing rpp21_false 8 sat 0.172084 0 0 0 153 833
rect_packing rpp22_false 8 sat 1.1466489 981 0 126 1949 14990
rect_packing rpp23_false 8 sat 1.0236789 982 0 31 1880 14493
rect_packing rpp26_false 8 sat 1.5164393 1449 1 68 3024 25757
rotating-workforce Example1014 8 timeout 1000.00085 573269 1061 425572 3248657 26649612
rotating-workforce Example103 8 sat 2.5745022 2316 2 200 22091 182705
rotating-workforce Example1479 8 sat 0.23653653 0 0 0 173 1277
rotating-workforce Example1780 8 timeout 342.46255 323664 434 17954 2386510 18971691
rotating-workforce Example593 8 timeout 1001.1777 214104 1856 785238 1531770 12424029
soccer-computational 02 8 sat 0.8617393 561 3 4 24 112
soccer-computational 04 8 timeout 1000.4815 688067 311307 1062 3735 29590
soccer-computational 05 8 sat 1.1789664 932 67 23 213 1795
soccer-computational 06 8 sat 0.827322 604 32 7 83 338
soccer-computational 07 8 sat 3.1919105 2650 100 262 955 7315
solbat sb_13_13_5_1 8 sat 65.10266 64279 18 761 187799 1537053
solbat sb_13_13_5_5 8 unsat 49.008934 48083 549 413 165729 1359848
solbat sb_15_15_6_0 8 sat 518.4288 478329 12796 26957 1260682 10200666
solbat sb_15_15_7_3 8 sat 74.251114 72211 846 1037 242458 1910086
solbat sb_15_15_7_5 8 sat 304.113 271999 263 31893 963329 7448008
