samples 3_9 1 timeout 500.00803 494358 3 5653 1059550 1059550 70802
samples 3_9 1 timeout 500.00815 495223 4 4788 1076939 1076939 76887
samples 3_9 1 timeout 500.01498 491148 3 8870 855966 855966 76872
samples 3_9 1 timeout 500.01248 493737 4 6277 1021193 1021193 76919
samples 3_9 1 timeout 500.01883 491588 3 8434 837279 837279 76872
samples 3_9 1 timeout 500.0098 492445 4 7566 1081111 1081111 78452
samples 3_9 1 timeout 500.01587 489994 4 10024 1044275 1044275 78667
samples 3_9 1 timeout 500.01663 490361 4 9658 803957 803957 83110
samples 3_9 1 timeout 500.01166 492287 3 7728 834648 834648 76919
samples 3_9 1 timeout 500.0143 491343 3 8674 852494 852494 78445
samples 3_9 2 timeout 500.01755 473602 115 26309 796000 1583002 76872
samples 3_9 2 timeout 500.06027 461954 11 38107 717074 1444834 82953
samples 3_9 2 timeout 500.04822 470177 1139 28740 766567 1519949 76872
samples 3_9 2 timeout 500.0163 476154 153 23721 781628 1547092 76872
samples 3_9 2 timeout 500.01926 469462 355 30214 763516 1511742 76887
samples 3_9 2 timeout 500.01645 477807 42 22179 780401 1574657 76872
samples 3_9 2 timeout 500.02332 478621 113 21302 803659 1592834 76872
samples 3_9 2 timeout 500.0142 476954 12 23057 786954 1567361 76872
samples 3_9 2 sat 500.00092 469977 100 29455 759610 1529609 76887
samples 3_9 2 timeout 500.01587 473475 143 26410 767151 1536888 76883
samples 3_9 4 sat 349.88715 309551 207 39774 483076 1922475 70802
samples 3_9 4 sat 410.06122 346906 521 62602 543412 2167027 70802
samples 3_9 4 sat 273.48712 245365 160 27510 402789 1595538 70802
samples 3_9 4 sat 278.70074 255388 189 22956 419458 1660485 70802
samples 3_9 4 sat 320.5645 286611 81 33831 456778 1847394 70802
samples 3_9 4 sat 283.53296 257248 271 26033 406462 1623559 70802
samples 3_9 4 sat 341.6602 299595 159 41780 473133 1899548 70802
samples 3_9 4 sat 361.51627 313961 175 47396 501873 1950283 70802
samples 3_9 4 sat 370.07462 324605 171 45264 512487 2027171 70802
samples 3_9 4 sat 295.82422 265676 153 29698 425382 1697122 70802
samples 3_9 8 sat 293.71353 190303 343 102910 240905 2002496 70802
samples 3_9 8 sat 206.03003 154093 299 51664 219554 1780447 70802
samples 3_9 8 sat 199.47408 149476 162 49424 213662 1711499 70802
samples 3_9 8 sat 185.83911 146225 247 39087 213932 1718516 70802
samples 3_9 8 sat 296.5291 187964 171 108411 268301 2138590 70802
samples 3_9 8 sat 423.72638 217767 866 204959 289816 2314590 70802
samples 3_9 8 sat 192.14082 146799 271 45005 215713 1718571 70802
samples 3_9 8 sat 191.34679 149967 241 40860 217476 1713683 70802
samples 3_9 8 sat 243.23804 169691 2561 70810 237206 1930023 70802
samples 3_9 8 sat 199.53815 150934 167 48455 226993 1785671 70802
samples 3_9 16 sat 210.60245 95255 329 115054 118725 1826831 70802
samples 3_9 16 sat 209.10652 91120 1004 117013 110017 1821689 70802
samples 3_9 16 sat 251.59799 102125 432 149085 126061 1960715 70802
samples 3_9 16 sat 232.14027 95374 361 136397 115804 1860605 70802
samples 3_9 16 sat 204.54185 91591 314 112683 107781 1780381 70802
samples 3_9 16 sat 232.10736 99833 2119 130193 112510 1903269 70802
samples 3_9 16 sat 222.86775 93170 357 129080 109552 1784998 70802
samples 3_9 16 sat 222.8136 97066 588 125012 115647 1864084 70802
samples 3_9 16 sat 313.36755 109451 640 203040 132467 2098244 76872
samples 3_9 16 sat 205.57541 92928 608 112057 109462 1802869 70802
samples 3_9 32 sat 322.24112 56870 1077 264254 67485 2106430 70802
samples 3_9 32 sat 291.1604 54411 1033 235769 59567 1933974 70802
samples 3_9 32 sat 473.13748 66692 1534 404965 74710 2356585 70802
samples 3_9 32 sat 459.98132 61695 1466 396551 68576 2219181 70802
samples 3_9 32 sat 415.2165 57612 1650 355960 65056 2109116 70802
samples 3_9 32 sat 500.00052 53546 1874 444444 62470 2027789 76919
samples 3_9 32 sat 427.67722 63401 2466 361856 69750 2320035 70802
samples 3_9 32 sat 478.1543 65194 1652 411366 72122 2301941 70802
samples 3_9 32 sat 420.70697 60269 3261 357188 67906 2243215 70802
samples 3_9 32 sat 387.69815 60201 1266 326298 67073 2150124 70802
