samples 3_9 1 sat 193.33765 192613 3 391 367448 367448 70802
samples 3_9 1 sat 285.94577 284699 3 806 452603 452603 70802
samples 3_9 1 sat 287.88376 286657 3 849 453552 453552 70802
samples 3_9 1 sat 271.7918 270753 2 753 440612 440612 70802
samples 3_9 1 sat 254.91888 253837 2 671 403118 403118 70802
samples 3_9 1 sat 188.03902 187611 3 394 364273 364273 70802
samples 3_9 1 sat 226.73483 225988 3 517 420811 420811 70802
samples 3_9 1 sat 236.04477 235461 2 544 392626 392626 70802
samples 3_9 1 sat 210.56146 210002 3 504 397413 397413 70802
samples 3_9 1 sat 239.34914 238397 3 607 462034 462034 70802
samples 3_9 2 sat 127.17381 126380 7 628 199293 396968 70802
samples 3_9 2 sat 162.48418 160923 39 1052 245124 490382 70802
samples 3_9 2 sat 173.65746 172350 44 1119 263376 523561 70802
samples 3_9 2 sat 161.26474 159715 199 1101 246862 493144 70802
samples 3_9 2 sat 152.28236 151006 6 1001 231750 456998 70802
samples 3_9 2 sat 132.0327 131353 41 625 209138 405665 70802
samples 3_9 2 sat 138.40881 137230 15 771 205254 417783 70802
samples 3_9 2 sat 158.50302 157574 13 924 243606 488545 70802
samples 3_9 2 sat 142.11446 141147 22 847 214449 436451 70802
samples 3_9 2 sat 182.039 180611 5 1397 268159 540461 70802
samples 3_9 4 sat 89.67112 88209 26 1285 136658 540128 70802
samples 3_9 4 sat 83.09718 81767 40 1232 129025 512795 70802
samples 3_9 4 sat 79.85849 78432 49 1043 124441 494666 70802
samples 3_9 4 sat 84.06566 82835 79 1112 125932 502487 70802
samples 3_9 4 sat 77.872086 76302 38 1178 125842 498596 70802
samples 3_9 4 sat 88.398224 86310 64 1645 131994 535000 70802
samples 3_9 4 sat 67.62776 66583 34 912 98001 401872 70802
samples 3_9 4 sat 98.28743 96494 49 1475 146939 590754 70802
samples 3_9 4 sat 71.47337 70059 42 922 110354 432185 70802
samples 3_9 4 sat 60.03856 59271 19 738 93986 374368 70802
samples 3_9 8 sat 56.10822 53771 83 2182 82431 646730 70802
samples 3_9 8 sat 65.8192 62158 307 3076 88066 726672 70802
samples 3_9 8 sat 57.415455 54208 60 2782 83705 642588 70802
samples 3_9 8 sat 55.398724 52840 49 2158 81123 636023 70802
samples 3_9 8 sat 61.516796 58856 48 2641 88806 701469 70802
samples 3_9 8 sat 56.22437 53572 55 2422 81915 639520 70802
samples 3_9 8 sat 66.72344 63657 99 2798 96369 759081 70802
samples 3_9 8 sat 66.52232 63235 69 3244 88587 722861 70802
samples 3_9 8 sat 67.05621 63946 56 3046 91090 735725 70802
samples 3_9 8 sat 63.03376 60143 55 2866 86471 678785 70802
samples 3_9 16 sat 43.574924 38757 131 4722 52819 850511 70802
samples 3_9 16 sat 34.761524 30924 64 3593 40837 661218 70802
samples 3_9 16 sat 40.20462 35448 158 4488 47621 762171 70802
samples 3_9 16 sat 52.662415 46336 78 6201 61286 984012 70802
samples 3_9 16 sat 39.182575 35031 62 4007 49014 764224 70802
samples 3_9 16 sat 42.07094 37493 152 4458 48891 800120 70802
samples 3_9 16 sat 42.059208 37135 71 4885 50088 799610 70802
samples 3_9 16 sat 32.565308 29801 66 2740 41464 665726 70802
samples 3_9 16 sat 47.064167 41858 67 5180 56092 910304 70802
samples 3_9 16 sat 48.563625 42942 82 5564 57264 906159 70802
samples 3_9 32 sat 36.274666 27124 166 8904 33121 1081061 70802
samples 3_9 32 sat 35.187305 26373 289 8503 31979 1026323 70802
samples 3_9 32 sat 34.20725 25470 88 8637 31833 997550 70802
samples 3_9 32 sat 40.305023 28529 986 10621 32582 1083583 70802
samples 3_9 32 sat 47.377895 32639 139 14436 36876 1181477 70802
samples 3_9 32 sat 41.608 30203 346 11116 36584 1169240 70802
samples 3_9 32 sat 37.676 27329 223 10118 32616 1057973 70802
samples 3_9 32 sat 41.639244 29570 395 11708 35242 1119440 70802
samples 3_9 32 sat 38.626537 28522 160 10018 32905 1055363 70802
samples 3_9 32 sat 33.657566 24237 1244 8204 30989 990658 70802
